sample,station,latitude,longitude,nominal.depth,fe2,fe,mn,cd,ni,cu,temp,salinity,fluorescence_mgpercubicmeter,oxygen_uM,PAR,no3,no2,nh4,pH,dic,din,ctddepth,Acceleration,BeamAttenuation,BeamTransmission,Conductivity,DescentRate,Fluorescence,nitrogensaturationbyvolume,ctdoxygen,ctdpar,plumeanomaly,potentialtemperature,potentialtemperatureanomaly,pressuretemperature,ctddensity,sigmatheta,pressuretemperature.1,ctdsalinity,seafloordepth,ctdtemperature,soundvelocity,ctdoxygen2,chlA,chlAsd,chlAcv,po4,po4sd,urea,ureasd
1,2,24.04018,-112.84098,500,NA,1.410307235,0.627409781,0.902045263,6.164834074,1.388679071,7.165265306,34.42482041,NA,5.868571429,0,37.923,0,0.011,NA,NA,NA,500,-0.085102041,0.0306,99.23857755,3.513762531,-0.095938776,0.054322449,12.1258098,5.868571429,1.00E-12,7.118163265,7.116840816,7.116840816,17.66714286,1029.240941,26.94946122,17.66714286,34.42482041,598.4431429,7.165265306,1486.858163,6.027047522,NA,NA,NA,3.204,0.058,0.08,NA
2,2,24.04018,-112.84098,400,NA,0.909497169,0.442895607,0.85176811,5.597736988,1.3354402,8.589936735,34.46229796,NA,8.267469388,0,33.111,0.07,0.014,NA,NA,NA,399,-0.203265306,0.031577551,99.21415306,3.643384327,-0.257734694,0.051559184,11.77026837,8.267469388,1.00E-12,8.55,8.547240816,8.547240816,17.30877551,1028.586655,26.76832041,17.30877551,34.46229796,497.8075714,8.589936735,1490.635306,8.488962361,NA,NA,NA,2.985,0.0834,0.08,NA
3,2,24.04018,-112.84098,300,NA,0.848694275,0.567775089,0.841847039,5.288706276,1.224665214,10.2222,34.5707,0.3162,6.581021655,0,28.605,0.01,0.011,7.4125,NA,0,301,0.194489796,0.031591837,99.2130898,3.784236857,0.218081633,0.052314286,11.42095918,7.771571429,1.00E-12,10,10.01879184,10.01879184,16.9777551,1027.965688,26.60238776,16.9777551,34.55645714,368.1564898,10.05412653,1494.526939,7.978186353,NA,NA,NA,2.853,0.0198,0.08,NA
4,2,24.04018,-112.84098,200,NA,1.117011215,0.484553173,0.729211713,4.449569168,1.07479585,11.96591,34.607152,0.262519,14.0272162,0,26.733187,0.078135,0.018866,7.463238,NA,26.830188,200,-0.08,0.037577551,99.06548163,3.948497082,-0.081897959,0.049304082,11.03802286,12.50630612,1.00E-12,11.8,11.75482653,11.75482653,16.61857143,1027.234216,26.33626939,16.61857143,34.61472857,298.4839592,11.78066939,1498.922245,12.83611827,NA,NA,NA,2.657,0.1004,0.08,NA
5,2,24.04018,-112.84098,180,NA,1.160994673,0.608584473,0.653893718,4.1139795,1.090355015,12.296148,34.500842,0.247852,28.75127799,0,25.018828,0.061885,0.019445,7.479903,2244.344483,25.100158,181,-0.018979592,0.034526531,99.14086735,3.979106755,0.366959184,0.04905102,10.96087694,16.91357143,1.00E-12,12.12244898,12.14100408,12.14100408,16.46,1027.035345,26.22424898,16.46,34.56498776,279.4263469,12.1648449,1499.874082,17.35754322,NA,NA,NA,2.654,0.0085,0.08,NA
6,2,24.04018,-112.84098,160,NA,0.870140619,1.026406793,0.270779599,3.414060435,0.987928209,12.6089,34.402071,0.270707,41.5345067,0,23.188508,0.083003,0.019809,7.510107,NA,23.29132,160,-0.206734694,0.045046939,98.88018571,3.983219245,-0.289387755,0.04905102,10.93766939,29.82997959,1.00E-12,12.3,12.2833898,12.2833898,16.3355102,1026.851192,26.13479388,16.3355102,34.48506939,258.3634694,12.30458776,1499.894286,30.61046711,NA,NA,NA,2.575,0.0396,0.08,NA
7,2,24.04018,-112.84098,120,NA,0.603704868,1.379923559,0.09777504,3.116627795,0.867662148,15.592413,34.233331,0.562738,87.49518646,0.179355,8.26938,0.108461,0.026945,7.662125,NA,8.404786,121,0.055306122,0.050926531,98.73467755,4.138392878,-0.055755102,0.058087755,10.57702551,64.22126531,1.00E-12,14.17959184,14.15302857,14.15302857,16.06163265,1026.137261,25.60005102,16.06163265,34.28194694,219.3195918,14.17057755,1505.21551,65.86695425,NA,NA,NA,2.175,0.0028,0.08,NA
8,2,24.04018,-112.84098,80,NA,0.487537187,1.665821462,0.026956151,2.893525271,0.85138851,20.077845,34.45955,3.09336,206.5188059,10.345345,-0.106859,0.106752,0.067762,7.97415,NA,0.067655,80,-0.032857143,0.067993878,98.31416531,4.593754388,0.098408163,0.246857143,9.740720204,178.828449,1.00E-12,18.83469388,18.82245714,18.82245714,15.74040816,1024.877008,24.52966735,15.74040816,34.29802653,177.7037143,18.8365449,1519.037755,183.2187447,0.35,0.02,6.617075743,0.629,0.0509,0.08,NA
9,2,24.04018,-112.84098,30,NA,0.251395894,1.707802764,0.041372952,2.906488606,0.873889226,20.965865,34.559924,0.772306,222.9892467,134.494118,0.037232,0.017822,0.002667,7.993118,NA,0.057721,30,-0.140408163,0.074918367,98.14426327,4.839338694,0.054367347,0.125714286,9.383495714,214.9641837,0.328306122,21,20.97868571,20.97868571,15.48755102,1024.299814,24.16926735,15.48755102,34.56590816,128.6863061,20.98445714,1524.189184,220.1647848,NA,NA,NA,0.2315,0.0361,0.08,NA
10,3,22.60842,-110.20205,694,0,4.894156091,0.547873428,1.002124382,7.716535113,1.54994309,5.709808163,34.50010612,NA,3.166653061,0,43.029,0.03,0.030793945,NA,NA,NA,699,0.036734694,0.017828571,99.55556939,3.397569327,-0.175938776,0.051812245,12.50086633,3.166653061,1.00E-12,5.65,5.648808163,5.648808163,19.96918367,1030.423696,27.2015449,19.96918367,34.50010612,797.3895918,5.709808163,1484.535714,3.252870263,NA,NA,NA,3.4175,0.0148,0.08,NA
11,3,22.60842,-110.20205,400,0,1.34200135,0.75112248,0.865053363,5.906826911,1.2415493,8.530967347,34.50946939,NA,4.051816327,0,33.557,0.03,0.011,NA,NA,NA,399,0.054897959,0.021673469,99.45943673,3.642418061,0.057204082,0.050559184,11.78057857,4.051816327,1.00E-12,8.49,8.488434694,8.488434694,19.13040816,1028.633408,26.81441429,19.13040816,34.50946939,497.905449,8.530967347,1490.470408,4.160673447,NA,NA,NA,3.119,0.0028,0.08,NA
12,3,22.60842,-110.20205,300,0,1.170535932,0.964701168,0.803199962,5.281143893,1.05167267,10.563775,34.618248,0.326223,3.717715623,0,28.658058,0.016231,0.011906,7.42794,2293.936937,28.686195,300,-0.096530612,0.027453061,99.31665918,3.813303102,0.134102041,0.051059184,11.35848673,3.729367347,1.00E-12,10.3,10.27895714,10.27895714,18.75122449,1027.952292,26.59452449,18.75122449,34.60370204,399.0636327,10.31477347,1495.461224,3.828723729,NA,NA,NA,2.9485,0.0064,0.08,NA
13,3,22.60842,-110.20205,280,0,1.010957488,0.979132537,0.7988795,5.212662226,1.103682874,10.815656,34.631817,0.311883,3.993765264,0,28.274305,0.014172,0.011792,7.454,NA,28.300269,300,-0.096530612,0.027453061,99.31665918,3.813303102,0.134102041,0.051059184,11.35848673,3.729367347,1.00E-12,10.3,10.27895714,10.27895714,18.75122449,1027.952292,26.59452449,18.75122449,34.60370204,399.0636327,10.31477347,1495.461224,3.828723729,NA,NA,NA,2.9485,0.0064,0.08,NA
14,3,22.60842,-110.20205,260,0,0.837453133,0.986594981,0.791145508,5.105360918,1.027943143,11.003181,34.644019,0.309933,3.885640983,0,27.845189,0.01345,0.012623,7.456333,NA,27.871262,300,-0.096530612,0.027453061,99.31665918,3.813303102,0.134102041,0.051059184,11.35848673,3.729367347,1.00E-12,10.3,10.27895714,10.27895714,18.75122449,1027.952292,26.59452449,18.75122449,34.60370204,399.0636327,10.31477347,1495.461224,3.828723729,NA,NA,NA,2.9485,0.0064,0.08,NA
15,3,22.60842,-110.20205,240,0,0.927684599,0.969211447,0.77876599,5.006681389,1.069702458,11.231306,34.652153,0.301318,4.229932632,0,26.810073,0.016032,0.014337,7.464824,NA,26.840442,200,0.012040816,0.027136735,99.32408571,3.950970633,-0.171346939,0.04905102,11.03712735,7.53977551,1.00E-12,11.8,11.74833061,11.74833061,18.35346939,1027.258492,26.36106122,18.35346939,34.64505714,291.4193061,11.77415714,1498.952653,7.738930996,NA,NA,NA,2.8335,0.0021,0.08,NA
16,3,22.60842,-110.20205,220,0,0.856024631,0.904900383,0.770177612,4.982456961,1.04267528,11.5357,34.6573,0.294631,5.566725684,0,27.130471,0.013953,0.015713,7.474125,NA,27.160137,200,0.012040816,0.027136735,99.32408571,3.950970633,-0.171346939,0.04905102,11.03712735,7.53977551,1.00E-12,11.8,11.74833061,11.74833061,18.35346939,1027.258492,26.36106122,18.35346939,34.64505714,291.4193061,11.77415714,1498.952653,7.738930996,NA,NA,NA,2.8335,0.0021,0.08,NA
17,3,22.60842,-110.20205,180,0,0.894777959,1.10211194,0.750964734,4.621038782,0.971058803,12.273888,34.598011,0.284148,14.92883247,0,26.877312,0.017714,0.017175,7.438602,2140.66327,26.912201,180,0.012040816,0.0276,99.31293469,3.977063408,0.090714286,0.049804082,10.97590796,10.4065102,1.00E-12,12.03265306,12.04459388,12.04459388,18.18061224,1027.105835,26.29689184,18.18061224,34.63476939,278.9054694,12.0682551,1499.79102,10.680268,NA,NA,NA,2.7685,0.0219,0.08,NA
18,3,22.60842,-110.20205,100,0,1.935792993,0.841773065,0.527108808,4.002468042,1.011555375,15.363381,34.334363,1.082025,66.05196654,0.819205,19.347416,0.019048,0.031561,7.60875,NA,19.398025,100,0.116122449,0.046438776,98.84509592,4.228012429,-0.046346939,0.082978163,10.4103902,55.33632653,1.026387755,14.99689796,14.99331837,14.99331837,18.43591837,1025.932496,25.48875714,18.43591837,34.37141633,198.6735918,15.00845714,1507.700204,56.74799835,NA,NA,NA,2.2525,0.0106,0.08,NA
19,4,21.29218,-108.2417,694,50,1.760576064,0.858152716,1.006852851,7.640040065,1.366422859,5.885236735,34.50265918,NA,2.952959184,0,42.577,0,0.011,NA,NA,NA,699,0.18244898,0.018934694,99.52845714,3.413594551,0.306653061,0.048802041,12.45343939,2.952959184,1.00E-12,5.825306122,5.823295918,5.823295918,20.37795918,1030.400753,27.18193673,20.37795918,34.50265918,797.3826939,5.885236735,1485.236531,3.033211059,NA,NA,NA,3.4465,0.0601,0.08,NA
20,4,21.29218,-108.2417,400,63,1.783975662,1.386380288,0.900130871,6.042413748,1.052865884,8.801430612,34.56805714,NA,1.296591837,0,32.313,0,0.011,NA,NA,NA,400,0.016530612,0.025332653,99.36919184,3.673052286,0.065591837,0.0488,11.71103245,1.296591837,1.00E-12,8.76,8.75794898,8.75794898,19.21081633,1028.639214,26.81831224,19.21081633,34.56805714,498.938551,8.801430612,1491.573061,1.33126238,NA,NA,NA,3.171,0,0.08,NA
21,4,21.29218,-108.2417,300,43,1.312500505,1.624801308,0.812244933,5.315757827,0.918686893,10.733775,34.667711,0.351251,1.20986649,0,27.478214,0.187096,0.000563,7.776768,2294.556438,27.665873,300,-0.041428571,0.023455102,99.41484286,3.819694531,0.046081633,0.048304082,11.34897592,1.616081633,1.00E-12,10.3,10.30861429,10.30861429,18.57857143,1027.973867,26.61792245,18.57857143,34.64028163,398.744449,10.34448571,1495.623469,1.659657447,NA,NA,NA,2.9735,0.0262,0.08,NA
22,4,21.29218,-108.2417,280,88,1.324354487,1.801101461,0.799796693,5.30138657,0.949178337,10.979531,34.674306,0.342625,1.472115882,0,27.452608,0.219187,0.002278,7.97775,NA,27.674073,300,-0.041428571,0.023455102,99.41484286,3.819694531,0.046081633,0.048304082,11.34897592,1.616081633,1.00E-12,10.3,10.30861429,10.30861429,18.57857143,1027.973867,26.61792245,18.57857143,34.64028163,398.744449,10.34448571,1495.623469,1.659657447,NA,NA,NA,2.9735,0.0262,0.08,NA
23,4,21.29218,-108.2417,260,47,0.947858129,1.70642446,0.786919905,5.111325344,0.913397517,11.143294,34.674812,0.340094,1.943468076,0,27.54475,0.156627,0.002745,7.904235,NA,27.704122,250,0.075918367,0.01967551,99.50881633,3.88830698,0.066244898,0.0488,11.18877,1.859387755,1.00E-12,11,11.02635714,11.02635714,18.28408163,1027.645514,26.51827959,18.28408163,34.6758,332.1288163,11.05750408,1497.362449,1.908574163,NA,NA,NA,2.934,0.0014,0.08,NA
24,4,21.29218,-108.2417,240,18,0.64872843,1.316846461,0.78325683,5.036390017,0.89129326,11.363682,34.668435,0.330759,3.563903139,0,27.45393,0.198497,0.004175,7.985824,NA,27.656602,250,0.075918367,0.01967551,99.50881633,3.88830698,0.066244898,0.0488,11.18877,1.859387755,1.00E-12,11,11.02635714,11.02635714,18.28408163,1027.645514,26.51827959,18.28408163,34.6758,332.1288163,11.05750408,1497.362449,1.908574163,NA,NA,NA,2.934,0.0014,0.08,NA
25,4,21.29218,-108.2417,220,15,1.222892909,0.87122477,0.77723519,4.950761309,1.000912088,11.720389,34.680716,0.324116,4.427378913,0,27.461298,0.151805,0.004263,7.986474,NA,27.617366,200,-0.021632653,0.026983673,99.32780408,3.962555041,0.120938776,0.049053061,11.01734673,4.999040816,1.00E-12,11.8,11.82788367,11.82788367,17.98040816,1027.275778,26.37619592,17.98040816,34.68382653,298.9775102,11.85390816,1499.261224,5.131093176,NA,NA,NA,2.8795,0.0021,0.08,NA
26,4,21.29218,-108.2417,180,30,1.122097696,0.586112462,0.766173816,4.98627293,0.963589551,12.098498,34.648484,0.310005,8.674640013,0,27.458706,0.186739,0.001194,7.612974,NA,27.646639,175,-0.014081633,0.025726531,99.3591102,3.987087714,0.013653061,0.048302041,10.94982776,11.59477551,0.000207429,12.2,12.17820204,12.17820204,18.39142857,1027.037288,26.253,18.39142857,34.61123061,273.5120612,12.20131633,1499.955306,11.89960444,NA,NA,NA,2.76,0.0042,0.08,NA
27,4,21.29218,-108.2417,100,1,0.262534652,0.32583396,0.444274286,3.785270892,1.122196686,16.460717,34.51085,0.745929,48.46768034,1.354583,23.294921,0.146048,0.013273,7.954917,NA,23.454242,91,-0.064693878,0.043930612,98.90725918,4.574900245,0.092408163,0.13055102,9.802704898,60.99006122,1.271428571,18.4,18.36366327,18.36366327,17.68020408,1025.208533,24.81209592,17.68020408,34.51687347,189.2481224,18.37948163,1517.85898,62.50461896,0.16,0.03,19.37378659,NA,NA,NA,NA
28,5,19.98302,-106.313,700,31,1.853799363,0.574659305,1.032814852,8.071182624,1.646707132,5.909032653,34.51332449,NA,1.916877551,0,42.769,0,0.011,NA,NA,NA,700,0.019387755,0.020063265,99.49924694,3.416724816,-0.210530612,0.050055102,12.44611735,1.916877551,1.00E-12,5.849795918,5.846885714,5.846885714,22.78428571,1030.409437,27.18741837,22.78428571,34.51332449,798.2475918,5.909032653,1485.278776,1.969003231,NA,NA,NA,3.295,0.0014,NA,NA
29,5,19.98302,-106.313,480,144,1.724590035,0.954368146,0.886183412,6.347707427,1.393666428,7.67175102,34.54704694,NA,1.174163265,0,35.758,0,0.011,NA,NA,NA,501,-0.085102041,0.02407551,99.39943673,3.57134649,0.197163265,0.049053061,11.98790286,1.174163265,1.00E-12,7.621428571,7.62125102,7.62125102,21.86020408,1029.26132,26.97386531,21.86020408,34.54704694,599.1049592,7.67175102,1488.962653,1.20602929,NA,NA,NA,3.1815,0.0389,NA,NA
30,5,19.98302,-106.313,320,171,1.348236587,1.216414096,0.753322193,5.279598339,0.991226183,10.472943,34.685633,0.409519,1.017779529,0,24.774613,1.232856,0.002543,7.789857,2186.940057,26.010012,300,0.14,0.034167347,99.14984898,3.854976776,-0.19744898,0.049804082,11.27496878,1.031102041,1.00E-12,10.6,10.61976327,10.61976327,20.43040816,1027.963061,26.60969184,20.43040816,34.69969796,398.6696531,10.65633061,1496.81898,1.05828341,NA,NA,NA,2.8065,0.0276,NA,NA
31,5,19.98302,-106.313,240,171,1.288390632,1.073063191,0.693103434,4.926663281,0.924527147,11.544542,34.749667,0.389625,0.969724293,0,22.397024,2.320372,0.005355,7.826167,NA,24.722751,250,0.130204082,0.038818367,99.03417347,3.916345041,0.098122449,0.04905102,11.13437612,0.999510204,1.00E-12,11.3,11.25476735,11.25476735,20.09102041,1027.65189,26.52556122,20.09102041,34.73861633,348.975898,11.28634898,1498.217347,1.026109261,NA,NA,NA,2.8925,0.0785,NA,NA
32,5,19.98302,-106.313,220,141,1.382196686,1.134484734,0.687930177,4.805665668,0.908671524,11.821159,34.766612,0.393582,0.956281332,0,21.412074,2.682113,0.004823,7.851176,NA,24.09901,200,-0.113265306,0.044565306,98.89240204,3.994289776,0.039795918,0.049553061,10.96208347,1.009877551,1.00E-12,12.1,12.05613673,12.05613673,19.66122449,1027.305682,26.40780816,19.66122449,34.7804102,298.8542449,12.08250204,1500.168571,1.03649978,NA,NA,NA,2.696,0,NA,NA
33,5,19.98302,-106.313,210,169,2.180939262,1.153903472,0.687870576,4.775644477,0.915881473,11.982182,34.774229,0.399276,0.964766922,0,21.46424,2.67715,0.004554,7.807706,NA,24.145944,200,-0.113265306,0.044565306,98.89240204,3.994289776,0.039795918,0.049553061,10.96208347,1.009877551,1.00E-12,12.1,12.05613673,12.05613673,19.66122449,1027.305682,26.40780816,19.66122449,34.7804102,298.8542449,12.08250204,1500.168571,1.03649978,NA,NA,NA,2.696,0,NA,NA
34,5,19.98302,-106.313,200,133,2.215990867,1.216957232,0.676875949,4.744882234,0.925969459,12.170307,34.781629,0.399193,0.960032856,0,22.345162,2.318543,0.004824,7.754714,NA,24.668529,200,-0.113265306,0.044565306,98.89240204,3.994289776,0.039795918,0.049553061,10.96208347,1.009877551,1.00E-12,12.1,12.05613673,12.05613673,19.66122449,1027.305682,26.40780816,19.66122449,34.7804102,298.8542449,12.08250204,1500.168571,1.03649978,NA,NA,NA,2.696,0,NA,NA
35,5,19.98302,-106.313,180,7,3.305911376,1.111192801,0.705775479,4.723687944,0.998944818,12.393906,34.789806,0.410453,0.952797774,0,24.532386,0.022525,0.005323,7.792529,NA,24.560234,180,-0.215510204,0.045067347,98.87962653,4.012084388,-0.005857143,0.048057143,10.92268449,1.002979592,1.00E-12,12.20816327,12.24452449,12.24452449,19.44326531,1027.186224,26.37809592,19.44326531,34.78882653,278.9653265,12.2684898,1500.489184,1.029481622,NA,NA,NA,2.749,0.0269,NA,NA
36,5,19.98302,-106.313,150,0,0.595497715,0.858578034,0.71171584,4.745254401,1.131422657,13.100207,34.8021,0.408857,2.754422514,0,24.066244,0.113175,0.006277,7.781571,NA,24.185696,160,-0.102244898,0.028697959,99.2852898,4.038627265,0.018489796,0.048053061,10.86312673,1.295142857,1.00E-12,12.5,12.53627959,12.53627959,19.24306122,1027.035437,26.31885918,19.24306122,34.78569796,258.7076939,12.55786939,1501.137959,1.328983757,NA,NA,NA,2.7575,0.0049,NA,NA
37,5,19.98302,-106.313,28,17,1.583755349,3.874815899,0.801378678,5.782286973,1.015030551,24.853231,34.541938,1.27845,214.0110012,125.861875,-0.141797,0.142625,0.02183,8.33525,NA,0.022658,39,-0.001020408,0.081226531,97.98972857,5.11037602,-0.168653061,0.11145102,8.990177143,200.7824082,45.35714286,23.7,23.67833673,23.67833673,17.51,1023.547576,23.3811898,17.51,34.53124694,137.3190408,23.6864449,1531.318571,205.4813418,0.26,0.11,44.24037121,0.493,0.0113,NA,NA
38,5,19.98302,-106.313,230,110,1.554719563,3.192995398,0.701763598,5.029124953,0.86555929,11.666757,34.758179,0.395521,0.966151413,0,21.741739,2.649123,0.005109,7.865286,NA,24.395971,250,0.130204082,0.038818367,99.03417347,3.916345041,0.098122449,0.04905102,11.13437612,0.999510204,1.00E-12,11.3,11.25476735,11.25476735,20.09102041,1027.65189,26.52556122,20.09102041,34.73861633,348.975898,11.28634898,1498.217347,1.026109261,NA,NA,NA,2.8925,0.0785,NA,NA
39,5,19.98302,-106.313,220,133,1.219537469,3.616527485,0.701031604,4.987803207,0.840585573,11.821159,34.766612,0.393582,0.956281332,0,21.412074,2.682113,0.004823,7.851176,NA,24.09901,200,-0.113265306,0.044565306,98.89240204,3.994289776,0.039795918,0.049553061,10.96208347,1.009877551,1.00E-12,12.1,12.05613673,12.05613673,19.66122449,1027.305682,26.40780816,19.66122449,34.7804102,298.8542449,12.08250204,1500.168571,1.03649978,NA,NA,NA,2.696,0,NA,NA
40,5,19.98302,-106.313,214,133,1.468534068,3.777192369,0.703768061,4.989111592,0.93502446,11.864427,34.766455,0.399018,0.979058442,0,21.790023,2.583248,0.003919,7.821455,2013.261868,24.37719,200,-0.113265306,0.044565306,98.89240204,3.994289776,0.039795918,0.049553061,10.96208347,1.009877551,1.00E-12,12.1,12.05613673,12.05613673,19.66122449,1027.305682,26.40780816,19.66122449,34.7804102,298.8542449,12.08250204,1500.168571,1.03649978,NA,NA,NA,2.696,0,NA,NA
41,5,19.98302,-106.313,207,107,1.279180583,3.481263515,0.701839699,4.99796109,0.853007628,12.000731,34.773715,0.398723,0.972671919,0,21.473568,2.976891,0.00564,7.816308,NA,24.456099,200,-0.113265306,0.044565306,98.89240204,3.994289776,0.039795918,0.049553061,10.96208347,1.009877551,1.00E-12,12.1,12.05613673,12.05613673,19.66122449,1027.305682,26.40780816,19.66122449,34.7804102,298.8542449,12.08250204,1500.168571,1.03649978,NA,NA,NA,2.696,0,NA,NA
42,5,19.98302,-106.313,200,130,1.356107676,3.756305795,0.698066794,5.013650421,0.899852051,12.170307,34.781629,0.399193,0.960032856,0,22.345162,2.318543,0.004824,7.754714,NA,24.668529,200,-0.113265306,0.044565306,98.89240204,3.994289776,0.039795918,0.049553061,10.96208347,1.009877551,1.00E-12,12.1,12.05613673,12.05613673,19.66122449,1027.305682,26.40780816,19.66122449,34.7804102,298.8542449,12.08250204,1500.168571,1.03649978,NA,NA,NA,2.696,0,NA,NA
43,5,19.98302,-106.313,185,83,1.351833923,3.987353796,0.696625849,4.926556732,0.920405949,12.327536,34.787457,0.40605,0.961953279,0,24.493749,0.092799,0.004929,7.817929,NA,24.591477,180,-0.215510204,0.045067347,98.87962653,4.012084388,-0.005857143,0.048057143,10.92268449,1.002979592,1.00E-12,12.20816327,12.24452449,12.24452449,19.44326531,1027.186224,26.37809592,19.44326531,34.78882653,278.9653265,12.2684898,1500.489184,1.029481622,NA,NA,NA,2.749,0.0269,NA,NA
44,5,19.98302,-106.313,195,101,1.642708031,3.571777201,0.705841518,4.998481551,1.111787415,12.191514,34.7818,0.404614,0.946634556,0,24.571781,0.39567,0.00434,7.809714,NA,24.971791,200,-0.113265306,0.044565306,98.89240204,3.994289776,0.039795918,0.049553061,10.96208347,1.009877551,1.00E-12,12.1,12.05613673,12.05613673,19.66122449,1027.305682,26.40780816,19.66122449,34.7804102,298.8542449,12.08250204,1500.168571,1.03649978,NA,NA,NA,2.696,0,NA,NA
45,5,19.98302,-106.313,80,0,0.445710313,0.312738735,0.49861471,3.969116421,1.268480188,17.117972,34.531867,1.440317,54.24672441,1.011631,17.806285,0.22277,0.019578,7.791111,1957.648628,18.048633,76,0.118163265,0.050667347,98.7405,4.607367571,-0.203857143,0.166081633,9.758394898,72.7882449,1.00E-12,18.6,18.60156531,18.60156531,18.81959184,1025.145894,24.81510408,18.81959184,34.59858163,174.3064286,18.61489796,1518.13102,74.596448,0.24,0.02,8.870356152,1.996,0.0509,NA,NA
46,6,18.68859,-104.41667,200,410,1.686096841,2.643237691,0.734190237,4.689952655,0.879522276,12.286579,34.79415,0.359764,0.934620747,0,24.787373,4.06215,0.002746,7.407,NA,28.852269,200,-0.230816327,0.043536735,98.91734082,3.989459673,-0.035612245,0.0488,10.9729702,1.064897959,1.00E-12,12,12.0034551,12.0034551,20.83020408,1027.316182,26.41968367,20.83020408,34.78273469,298.5155918,12.02969184,1499.992653,1.093100761,NA,NA,NA,2.6755,0.0658,NA,NA
47,6,18.68859,-104.41667,180,494,2.830668858,2.900756776,0.706990244,4.460764592,0.892118369,12.591725,34.809892,0.366942,0.921579735,0,25.024765,3.09,0.002244,7.410917,NA,25.027009,180,-0.179591837,0.046010204,98.85677347,4.003428633,-0.107918367,0.048802041,10.94196286,1.043183673,1.00E-12,12.2,12.15079592,12.15079592,20.56673469,1027.204812,26.39897551,20.56673469,34.79242857,278.3880612,12.17457551,1500.158776,1.070952551,NA,NA,NA,2.6775,0.0417,NA,NA
48,6,18.68859,-104.41667,125,511,2.236503431,2.918142396,0.671135713,4.44774341,0.8674861,13.460736,34.821514,0.666364,0.897060846,0,24.409374,3.429784,0.000865,7.403857,NA,27.840023,121,0.022040816,0.051881633,98.71129796,4.12087049,0.074959184,0.070810204,10.69348163,1.25755102,0.00698,13.4,13.36336327,13.36336327,23.40040816,1026.726524,26.18796531,23.40040816,34.83044286,219.353,13.38033673,1503.259388,1.290429465,NA,NA,NA,2.6205,0.0233,NA,NA
49,6,18.68859,-104.41667,100,581,2.529250078,3.193612511,0.66346421,4.275506823,0.81948665,14.020993,34.801427,1.371393,0.88562763,0,26.076228,1.280967,0.000975,7.395,NA,27.35817,100,0.053469388,0.057506122,98.57271837,4.154426041,0.014408163,0.099702041,10.62041204,0.986142857,1.00E-12,13.73877551,13.74204898,13.74204898,19.60612245,1026.542688,26.09558776,19.60612245,34.8118551,175.7268163,13.75642449,1504.064898,1.012072947,NA,NA,NA,2.6255,0.0417,NA,NA
50,6,18.68859,-104.41667,85,628,2.162103986,3.262012778,0.642106497,4.157197604,0.93207839,14.711153,34.77044,2.40008,0.884109156,0.015162,27.668334,0.212089,0.002251,7.389333,NA,27.882674,85,-0.000612245,0.064083673,98.41076735,4.229295082,-0.071387755,0.228326531,10.46553918,0.997142857,0.082738776,14.59591837,14.55511633,14.55511633,17.14244898,1026.275557,25.89973265,17.14244898,34.78094898,183.2522449,14.5676898,1506.563469,1.0227369,0.21,0.03,15.27114598,2.623,0.0382,NA,NA
51,6,18.68859,-104.41667,75,852,1.311836319,3.180844731,0.620946326,4.041946641,0.894619765,15.337885,34.750262,2.181185,0.869772975,0.607855,27.289415,0.111056,0.004887,7.390154,NA,27.405358,75,0.156734694,0.039416327,99.01930204,4.370960306,0.03622449,0.076783673,10.18691571,1.412653061,1.00E-12,16.1,16.08107755,16.08107755,15.29061224,1025.839545,25.50982857,15.29061224,34.71502857,173.3191633,16.09296939,1511.000816,1.449021588,NA,NA,NA,2.51,0.0014,NA,NA
52,6,18.68859,-104.41667,68,369,1.331065773,3.052145381,0.598474458,3.97517923,1.013167144,15.649115,34.733146,1.227523,0.954539553,1.431731,28.501692,0.109878,0.011538,7.389538,NA,28.623108,66,-0.076326531,0.036244898,99.09784898,4.385142939,-0.067857143,0.072802041,10.15899306,2.27044898,0.364897959,16.22857143,16.24075102,16.24075102,16.81938776,1025.755624,25.46636531,16.81938776,34.70621429,154.9401633,16.2512551,1511.329796,2.328205273,NA,NA,NA,NA,NA,NA,NA
53,6,18.68859,-104.41667,50,54,0.740773697,1.584158463,0.506866494,3.737289283,1.128200416,17.734171,34.611421,1.125979,13.33421147,5.63945,23.010451,0.368921,0.011893,7.405429,NA,23.391265,53,0.052857143,0.039622449,99.01449592,4.541782388,0.098632653,0.107210204,9.867860408,16.43940816,0.976836735,17.99795918,17.9495898,17.9495898,16.46591837,1025.211965,24.98186939,16.46591837,34.60494694,149.6388776,17.95859592,1516.089592,16.85077759,NA,NA,NA,2.3585,0.0332,NA,NA
54,6,18.68859,-104.41667,25,-8,0.116243463,0.721455884,0.051847217,2.54957014,1.036330052,24.014429,34.474321,5.318921,193.6333928,70.772929,0.155864,-0.019309,0.015009,7.745714,NA,0.151564,28,-0.058571429,0.258214286,93.74831837,5.165473286,-0.09944898,0.289816327,8.905484898,187.0752653,16.35510204,24.3,24.32232449,24.32232449,16.12081633,1023.252398,23.13204898,16.12081633,34.45351633,126.6565102,24.32830816,1532.673673,191.4066555,1.03,0.03,2.901989873,0.606,0.0297,NA,NA
55,6,18.68859,-104.41667,1600,119,1.521190158,0.269458922,1.020904949,9.511275807,2.306557248,2.755812245,34.61655918,NA,56.2695102,0,44.681,0,0.011,NA,NA,NA,1599,-0.130408163,0.021967347,99.45200612,3.183740082,-0.059510204,0.04905102,13.33873143,56.2695102,1.00E-12,2.64,2.641187755,2.641187755,21.82183673,1035.04668,27.6111102,21.82183673,34.61655918,1697.595224,2.755812245,1487.539592,57.82460189,NA,NA,NA,3.1465,0.0106,NA,NA
56,6,18.68859,-104.41667,1300,152,1.854030282,1.575654954,1.039722762,9.617186951,2.113903984,3.315697959,34.59130816,NA,35.95916327,0,46.048,0.06,0.011,NA,NA,NA,1299,0.182653061,0.026581633,99.33787143,3.218185694,-0.117387755,0.048302041,13.17210837,35.95916327,1.00E-12,3.22,3.220120408,3.220120408,20.52040816,1033.575543,27.53837755,20.52040816,34.59130816,1397.675449,3.315697959,1484.826327,36.95032392,NA,NA,NA,3.334,0.0339,NA,NA
57,6,18.68859,-104.41667,1150,52,3.092026911,1.470794909,1.070375251,9.88958018,2.044296308,3.315697959,34.59130816,NA,35.95916327,0,46.048,0.06,0.011,NA,NA,NA,1299,0.182653061,0.026581633,99.33787143,3.218185694,-0.117387755,0.048302041,13.17210837,35.95916327,1.00E-12,3.22,3.220120408,3.220120408,20.52040816,1033.575543,27.53837755,20.52040816,34.59130816,1397.675449,3.315697959,1484.826327,36.95032392,NA,NA,NA,3.334,0.0339,NA,NA
58,6,18.68859,-104.41667,1000,46,2.268221002,1.383616969,1.067928448,9.287658209,1.804113141,4.303528571,34.55492653,NA,11.75028571,0,46.751,0.06,0.011,NA,NA,NA,1000,0.004897959,0.024502041,99.3893551,3.289685796,-0.079959184,0.0488,12.88685102,11.75028571,1.00E-12,4.23,4.224712245,4.224712245,21.3722449,1032.041935,27.40849592,21.3722449,34.55492653,1098.596878,4.303528571,1483.9,12.07305318,NA,NA,NA,3.459,0.0495,NA,NA
59,6,18.68859,-104.41667,750,73,1.628024922,3.187377636,1.060097253,8.887438083,1.598356945,5.634289796,34.54178163,NA,2.049346939,0,44.396,0.1,0.019945819,NA,NA,NA,750,0.11122449,0.021995918,99.45146327,3.396712612,0.152122449,0.04905102,12.51756796,2.049346939,1.00E-12,5.57,5.568908163,5.568908163,18.14122449,1030.702829,27.24432857,18.14122449,34.54178163,848.893449,5.634289796,1485.140612,2.105355998,NA,NA,NA,3.4015,0.0559,NA,NA
60,6,18.68859,-104.41667,675,72,1.557119347,4.39044276,1.010112014,7.99886381,1.349624446,5.715467347,34.53715306,NA,1.646653061,0,43.849,0,0.011,NA,NA,NA,700,0.034285714,0.022095918,99.44882245,3.401384816,-0.29355102,0.049306122,12.4960402,1.646653061,1.00E-12,5.655306122,5.654328571,5.654328571,23.94285714,1030.454769,27.23017143,23.94285714,34.53715306,798.1582449,5.715467347,1484.596122,1.691284727,NA,NA,NA,3.358,0.0481,NA,NA
61,6,18.68859,-104.41667,500,111,2.305980695,5.439287111,1.078835053,8.258207082,1.40577064,7.462436735,34.5459449,NA,1.399387755,0,36.323,NA,0.011,NA,NA,NA,500,-0.135306122,0.028179592,99.29747551,3.552043327,-0.000653061,0.048302041,12.0403598,1.399387755,1.00E-12,7.413673469,7.412797959,7.412797959,17.14020408,1029.290971,27.00302449,17.14020408,34.5459449,598.7026122,7.462436735,1488.137755,1.436990461,NA,NA,NA,3.186,0.1004,NA,NA
62,6,18.68859,-104.41667,400,148,1.640257069,4.517497523,0.881725673,6.492630635,1.060511097,8.799010204,34.58528163,NA,1.225836735,0,31.72,0,0.011,NA,NA,NA,400,-0.063469388,0.031630612,99.21309184,3.67446498,0.074183673,0.0488,11.71020551,1.225836735,1.00E-12,8.76,8.755542857,8.755542857,22.14306122,1028.652545,26.83217755,22.14306122,34.58528163,498.8900612,8.799010204,1491.576122,1.258528751,NA,NA,NA,3.0535,0.0092,NA,NA
63,6,18.68859,-104.41667,300,182,1.688938383,5.385726977,0.957672531,6.860871529,1.151099281,10.7888,34.697712,0.367618,0.993037335,0,25.500241,2.706423,0.000346,7.387294,NA,28.20701,301,0.007959184,0.043687755,98.91361633,3.892901959,0.211653061,0.0488,11.18941469,1.110591837,1.00E-12,11,11.00328163,11.00328163,21.54979592,1027.905643,26.55307551,21.54979592,34.71511224,390.3124694,11.0407449,1498.149184,1.140131529,NA,NA,NA,2.804,0.0339,NA,NA
64,6,18.68859,-104.41667,137,NA,1.468749563,4.557135494,0.649394469,4.319032863,0.95449471,13.253114,34.820157,0.534614,0.912915501,0,24.123808,4.33,0.000624,7.4065,NA,24.124432,141,-0.092857143,0.052206122,98.70277347,4.072504939,-0.07944898,0.049306122,10.79449204,0.990142857,1.00E-12,12.9,12.86237143,12.86237143,20.06714286,1026.910306,26.28096122,20.06714286,34.82000408,239.4097143,12.88166327,1501.923061,1.016083322,NA,NA,NA,2.628,0.0651,NA,NA
65,7,17.556,-102.9887,2400,41,1.122175908,0.25156127,0.992833721,9.521326826,3.843135334,4.42165102,34.56074286,NA,10.33189796,0,49.196,0.04,0.011,NA,NA,NA,1001,0.078571429,0.029106122,99.27517347,3.300712102,0.092408163,0.051059184,12.85258878,10.33189796,1.00E-12,4.34,4.341873469,4.341873469,24.66,1032.033169,27.40055918,24.66,34.56074286,1070.221102,4.42165102,1484.406939,10.6150994,NA,NA,NA,3.4145,0.0106,0.08,0.028
66,7,17.556,-102.9887,2100,45,1.127899353,0.775399978,0.843805111,8.472673021,2.860989912,4.42165102,34.56074286,NA,10.33189796,0,49.196,0.04,0.011,NA,NA,NA,1001,0.078571429,0.029106122,99.27517347,3.300712102,0.092408163,0.051059184,12.85258878,10.33189796,1.00E-12,4.34,4.341873469,4.341873469,24.66,1032.033169,27.40055918,24.66,34.56074286,1070.221102,4.42165102,1484.406939,10.6150994,NA,NA,NA,3.4145,0.0106,0.08,0.028
67,7,17.556,-102.9887,1750,56,1.363480637,0.782118265,0.927201465,8.638564583,2.408612515,4.42165102,34.56074286,NA,10.33189796,0,49.196,0.04,0.011,NA,NA,NA,1001,0.078571429,0.029106122,99.27517347,3.300712102,0.092408163,0.051059184,12.85258878,10.33189796,1.00E-12,4.34,4.341873469,4.341873469,24.66,1032.033169,27.40055918,24.66,34.56074286,1070.221102,4.42165102,1484.406939,10.6150994,NA,NA,NA,3.4145,0.0106,0.08,0.028
68,7,17.556,-102.9887,1500,68,1.447766203,1.010730848,0.948291072,8.330865546,2.079515359,4.42165102,34.56074286,NA,10.33189796,0,49.196,0.04,0.011,NA,NA,NA,1001,0.078571429,0.029106122,99.27517347,3.300712102,0.092408163,0.051059184,12.85258878,10.33189796,1.00E-12,4.34,4.341873469,4.341873469,24.66,1032.033169,27.40055918,24.66,34.56074286,1070.221102,4.42165102,1484.406939,10.6150994,NA,NA,NA,3.4145,0.0106,0.08,0.028
69,7,17.556,-102.9887,1250,61,1.668537057,0.993399052,1.033397277,8.426631036,1.722379714,4.42165102,34.56074286,NA,10.33189796,0,49.196,0.04,0.011,NA,NA,NA,1001,0.078571429,0.029106122,99.27517347,3.300712102,0.092408163,0.051059184,12.85258878,10.33189796,1.00E-12,4.34,4.341873469,4.341873469,24.66,1032.033169,27.40055918,24.66,34.56074286,1070.221102,4.42165102,1484.406939,10.6150994,NA,NA,NA,3.4145,0.0106,0.08,0.028
70,7,17.556,-102.9887,800,147,1.082797313,3.101580844,0.976174753,7.144684175,1.317036211,5.313826531,34.54843673,NA,2.380040816,0,47.499,0.43,0.011,NA,NA,NA,799,0.004693878,0.028002041,99.30283673,3.370625571,-0.100081633,0.049553061,12.60431816,2.380040816,1.00E-12,5.25,5.245857143,5.245857143,23.96142857,1030.976345,27.28847755,23.96142857,34.54843673,897.6534898,5.313826531,1484.669796,2.444870743,NA,NA,NA,3.445,0.0481,0.1987,0.081
71,7,17.556,-102.9887,600,141,1.723035411,4.551012101,0.966286983,6.666319871,1.387282835,6.552804082,34.55376735,NA,1.199428571,0,42.207,0.1,0.011,NA,NA,NA,600,-0.016122449,0.029510204,99.26562245,3.474241388,-0.027081633,0.049302041,12.27248143,1.199428571,1.00E-12,6.497142857,6.49692449,6.49692449,23.02326531,1029.892698,27.1354551,23.02326531,34.55376735,698.9893878,6.552804082,1486.314286,1.232096731,NA,NA,NA,3.399,0.017,0.08,0.0393
72,7,17.556,-102.9887,500,104,1.811353109,4.775507157,0.910367949,6.074734938,1.326711736,7.835293878,34.57121224,NA,1.287061224,0,36.187,0.2,0.011,NA,NA,NA,500,-0.019591837,0.029420408,99.2677449,3.588566571,-0.204816327,0.050584286,11.94526714,1.287061224,1.00E-12,7.786161224,7.784293878,7.784293878,24.3,1029.249802,26.96903673,24.3,34.57121224,598.1548367,7.835293878,1489.592041,1.32178331,NA,NA,NA,3.255,0.0141,0.08,0.0497
73,7,17.556,-102.9887,400,146,1.771491107,6.879207764,0.760530183,5.332905199,0.941102121,9.356518367,34.63271224,NA,1.185244898,0,29.971,0.65,0.011,NA,NA,NA,400,-0.035306122,0.034867347,99.13180816,3.730836061,-0.136367347,0.049302041,11.57513633,1.185244898,1.00E-12,9.312244898,9.311420408,9.311420408,22.24938776,1028.592394,26.78013061,22.24938776,34.63271224,498.2598571,9.356518367,1493.666939,1.217148967,NA,NA,NA,3.046,0,0.08,0.0173
74,7,17.556,-102.9887,300,213,3.204199995,6.685180005,0.872092733,6.281747101,1.285592093,10.544471,34.691412,0.418129,1.005542415,0,25.013761,1.463974,-0.002015,7.438235,NA,26.47572,300,-0.030816327,0.036918367,99.08193061,3.855189327,0.107204082,0.0488,11.27344735,1.110693878,1.00E-12,10.6,10.62894082,10.62894082,21.71693878,1027.956839,26.60287143,21.71693878,34.69303265,398.8569388,10.66553878,1496.82,1.140131529,NA,NA,NA,2.937,0.0212,0.08,0.0095
75,7,17.556,-102.9887,200,266,2.014771071,5.440439662,0.738179063,5.251736217,0.901581448,12.078431,34.78,0.398694,0.943776252,0,22.779642,3.466175,-0.001511,7.701125,NA,26.244306,200,-0.016122449,0.042812245,98.93538163,3.984395531,0.079857143,0.0488,10.98342878,0.985102041,1.00E-12,12,11.95524694,11.95524694,20.97489796,1027.32342,26.42536735,20.97489796,34.77822245,298.8240612,11.9814551,1499.810816,1.011252643,NA,NA,NA,2.7535,0.0163,0.08,0.0014
76,7,17.556,-102.9887,175,283,2.099639278,5.660783569,0.724722666,5.151796784,1.075629886,12.451645,34.799718,0.405618,0.932878968,0,22.493834,4.108991,-0.000267,7.585091,NA,26.602558,174,0.013265306,0.043581633,98.91627959,4.015287245,-0.240653061,0.04855102,10.91621592,1.035387755,1.00E-12,12.3,12.27392857,12.27392857,20.73,1027.158102,26.37795714,20.73,34.79597347,272.7551633,12.29709388,1500.483878,1.0629318,NA,NA,NA,2.708,0.0127,0.5716,0.902
77,7,17.556,-102.9887,160,256,0,4.981639066,0.659881684,3.26315315,0.288528806,12.783353,34.82268,0.407947,0.913630077,0,22.402197,4.57184,-0.000773,7.5154,NA,26.973264,150,-0.045510204,0.043289796,98.92317755,4.067403612,0.047,0.048053061,10.80692837,1.005265306,1.00E-12,12.8,12.79799796,12.79799796,20.46959184,1026.968953,26.29802041,20.46959184,34.82547551,248.6979592,12.81849796,1501.859388,1.031577955,NA,NA,NA,2.6735,0.0629,0.08,0.0375
78,7,17.556,-102.9887,130,285,1.669124082,6.201916122,0.704428996,4.970155123,0.9400723,13.234356,34.8233,0.606619,0.921311769,0,21.366597,4.535667,-0.000974,7.557188,NA,25.90129,125,-0.102857143,0.047238776,98.82597551,4.116804347,0.030163265,0.072304082,10.70081694,0.970734694,1.00E-12,13.3,13.32953469,13.32953469,20.24387755,1026.745231,26.18723265,20.24387755,34.82058367,223.6936327,13.34708367,1503.198163,0.996396024,NA,NA,NA,2.6755,0.0106,0.08,0.0113
79,7,17.556,-102.9887,95,99,1.346817319,3.637560682,0.668073331,4.620626769,0.877422387,14.437493,34.790853,3.630353,0.902643471,0.397184,25.831462,0.982668,-0.000422,7.666267,NA,26.813708,96,0.046122449,0.067765306,98.32000204,4.220463898,0.221571429,0.247439388,10.48565224,0.952959184,0.54180551,14.44702041,14.44367551,14.44367551,22.27,1026.361441,25.93320408,22.27,34.79329592,195.039898,14.45794082,1506.320816,0.977802465,0.19,0.01,4.942690163,2.6785,0.0474,0.08,0.0183
80,7,17.556,-102.9887,35,NA,0.753980145,2.217647803,0.524563064,4.112227757,0.99250397,26.035711,34.318774,1.447979,212.7533475,125.291053,1.364712,0.423451,0.001471,8.551526,NA,1.789634,37,-0.051428571,0.168157143,95.88281633,4.985766694,-0.098020408,0.511020408,9.15234898,103.1043878,1.00E-12,22.57346939,22.5791551,22.5791551,19.27040816,1023.786376,23.6271898,19.27040816,34.43736735,135.5297959,22.58662449,1528.446531,105.5428752,0.86,0.02,1.882278005,1.207,0.0297,0.08,0.0101
81,7,17.556,-102.9887,15,19,0.603893376,2.602127845,0.06021593,2.976799868,0.913715559,26.468476,34.252753,0.716088,209.0833298,379.918235,-0.082711,0.135686,0.000128,8.303588,NA,0.053103,10,-0.013061224,0.075077551,98.14054082,5.370054694,-0.107142857,0.060597959,8.618992245,196.437102,0.031536735,26.6,26.55614286,26.55614286,19.02632653,1022.354469,22.31198571,19.02632653,34.27445918,108.5432041,26.55840408,1537.47,200.8241109,0.16,0.01,5.163337421,0.3175,0.0148,0.08,0.0248
82,8,16.25025,-100.84464,88,NA,1.438056248,5.05944083,0.613048912,4.373428188,0.968128092,15.00838,34.79646,1.845347,0.940158711,0,25.377319,0.674193,0.072257,8.072333,NA,26.123769,92,-0.017959184,0.058863265,98.5392449,4.234697408,-0.036265306,0.237632653,10.46009306,1.004918367,0.121755102,14.6,14.57114082,14.57114082,20.95938776,1026.329331,25.92037755,20.95938776,34.81215918,190.7497959,14.58485918,1506.600204,1.030757651,0.22,0,1.819556747,2.6065,0.0205,0.08,0.0045
83,8,16.25025,-100.84464,88,NA,0.984957969,3.261547858,0.475746993,3.865238477,1.084788362,15.00838,34.79646,1.845347,0.940158711,0,25.377319,0.674193,0.072257,8.072333,NA,26.123769,92,-0.017959184,0.058863265,98.5392449,4.234697408,-0.036265306,0.237632653,10.46009306,1.004918367,0.121755102,14.6,14.57114082,14.57114082,20.95938776,1026.329331,25.92037755,20.95938776,34.81215918,190.7497959,14.58485918,1506.600204,1.030757651,0.22,0,1.819556747,2.6065,0.0205,0.08,0.0045
84,8,16.25025,-100.84464,400,419,2.027856981,2.060339978,0.922441506,6.31526777,1.310861,8.570983673,34.60927755,NA,1.076979592,0,31.404,0.86,0.011,NA,NA,NA,400,0.016734694,0.03082449,99.23219388,3.655598408,-0.080469388,0.0488,11.7627698,1.076979592,1.00E-12,8.53,8.5282,8.5282,22.62979592,1028.707004,26.88653265,22.62979592,34.60927755,498.5193673,8.570983673,1490.759184,1.105861047,NA,NA,NA,3.1585,0.0544,0.08,0.023
85,8,16.25025,-100.84464,300,290,1.439740371,1.800465355,0.812851926,5.499669685,1.187507789,10.439532,34.701179,0.372711,1.014161988,0,26.21323,2.626851,-0.000346,8.235211,2251.986279,28.839735,300,0.070204082,0.037214286,99.07397143,3.828633306,-0.076183673,0.0488,11.33692816,1.132612245,1.00E-12,10.3,10.34197755,10.34197755,21.64653061,1028.014002,26.65772041,21.64653061,34.69872653,398.9786327,10.37795714,1495.796327,1.163100043,NA,NA,NA,2.937,0.024,0.08,0.0379
86,8,16.25025,-100.84464,200,603,1.308375947,1.422939197,0.720018159,5.023291129,1.086381841,12.358113,34.817269,0.342994,0.944669472,0,30.383448,2.101612,0.000562,8.1005,NA,32.485622,200,0.157346939,0.043887755,98.90832041,3.982591571,-0.057244898,0.04855102,10.98875837,1.041489796,4.71E-06,11.9,11.92667347,11.92667347,20.92285714,1027.334698,26.43802245,20.92285714,34.78749388,298.5070816,11.95280204,1499.727551,1.069220798,NA,NA,NA,2.747,0.0368,0.08,0.1257
87,8,16.25025,-100.84464,165,798,1.178837424,1.323040849,0.705302304,4.735214964,1.029160886,12.792419,34.839769,0.350669,0.934710069,0,29.059935,2.475358,0.000308,7.9055,NA,31.535601,150,-0.035102041,0.046522449,98.84401633,4.069246102,-0.17855102,0.0488,10.80410918,0.99955102,1.00E-12,12.8,12.80920408,12.80920408,20.60897959,1026.969945,26.3016898,20.60897959,34.83307755,248.1116531,12.82965306,1501.908571,1.025471247,NA,NA,NA,2.631,0.0141,0.08,0.0467
88,8,16.25025,-100.84464,40,901,0.334141651,0.999264059,0.312273149,3.254164366,1.153998826,23.320337,34.360406,16.201994,119.0547928,15.293375,0.223949,-0.110691,0.001527,8.791313,1803.435142,0.114785,37,0.058367347,0.106763265,97.36638776,4.904311959,-0.029204082,0.413836735,9.270090408,60.1004898,1.00E-12,21.8,21.78004694,21.78004694,19.72204082,1024.00942,23.84940408,19.72204082,34.43445306,135.6233469,21.78733469,1526.363878,61.53520183,0.74,0,0.257448073,1.951,0.0085,0.08,0.0605
89,8,16.25025,-100.84464,15,165,0.497163822,0.880529633,0.03903765,2.451972669,1.032540287,26.794533,34.2164,0.8858,208.6208205,167.686667,0.14628,-0.02895,0.004157,8.9182,NA,0.121487,10,-0.043877551,0.097322449,97.59627755,5.408986041,-0.069326531,0.074793878,8.564406939,196.7556939,0.027083673,27,27.00638367,27.00638367,19.20510204,1022.171414,22.12820816,19.20510204,34.21983265,108.7220204,27.00872653,1538.453061,201.114134,0.21,0,1.699298992,0.362,0.0184,0.08,0.013
90,8,16.25025,-100.84464,120,35,0.829223518,1.04861557,0.638316091,4.475811687,1.05498953,13.832875,34.850938,0.753506,0.901348302,0,29.124953,0.145246,0.004033,7.990875,NA,29.274232,120,-0.122040816,0.049971429,98.75805714,4.134874204,0.012061224,0.065083673,10.66652306,1.007081633,0.00694551,13.5,13.49449388,13.49449388,21.40877551,1026.706098,26.17084082,21.40877551,34.84302857,218.6888367,13.51148367,1503.69,1.032853984,NA,NA,NA,2.657,0.0396,0.08,0.018
91,8,16.25025,-100.84464,90,816,1.159273138,1.512997505,0.614326215,4.242638613,0.993970186,14.826706,34.800594,2.217112,0.932253714,0,26.68619,0.411057,0.020456,8.294824,NA,27.117703,92,-0.017959184,0.058863265,98.5392449,4.234697408,-0.036265306,0.237632653,10.46009306,1.004918367,0.121755102,14.6,14.57114082,14.57114082,20.95938776,1026.329331,25.92037755,20.95938776,34.81215918,190.7497959,14.58485918,1506.600204,1.030757651,0.22,0,1.819556747,2.6065,0.0205,0.08,0.0045
92,8,16.25025,-100.84464,60,238,0.942693471,1.000829211,0.477228802,3.787593456,1.153751635,18.136689,34.623989,1.510544,8.722784571,1.573756,0.203561,-0.083816,0.004242,8.101667,NA,0.123987,60,-0.055714286,0.043120408,98.92795306,4.543091082,0.008530612,0.12077551,9.870088163,7.057265306,1.235510204,17.95102041,17.92431224,17.92431224,20.35163265,1025.27389,25.00997551,20.35163265,34.63356327,158.840551,17.93463673,1516.144082,7.233805971,NA,NA,NA,2.4805,0.0389,0.08,0.0335
93,9,14.99976,-99.00134,400,405,NA,,,,,9.788034694,34.66866735,NA,1.392836735,0,26.018,1.25,NA,NA,NA,NA,400,0.334693878,0.043693878,98.91362653,3.774672408,-0.06144898,0.059342857,11.47269306,1.392836735,1.00E-12,9.744897959,9.741632653,9.741632653,27.7477551,1028.545947,26.73696531,27.7477551,34.66866735,491.9806122,9.788034694,1495.359592,1.430245739,NA,NA,NA,3.0685,0.0601,0.3111,0.1114
94,9,14.99976,-99.00134,300,619,NA,,,,,10.393136,34.700229,0.373336,1.017064953,0,27.576149,3.093963,0.070901,7.448571,NA,30.741013,300,0.158979592,0.0474,98.8212,3.903595796,0.159795918,0.050304082,11.16909061,1.213632653,1.00E-12,11.1,11.0869449,11.0869449,27.42,1027.909359,26.55933061,27.42,34.74262449,398.7062653,11.12453265,1498.48449,1.2460419,NA,NA,NA,2.8175,0.0233,0.1467,0.2959
95,9,14.99976,-99.00134,200,610,NA,,,,,12.101414,34.796686,0.327123,0.958960992,0,28.3978,3.705942,0.070958,8.088955,NA,32.1747,200,-0.12122449,0.046,98.85627347,4.026923245,0.009673469,0.04884,10.89646143,1.02055102,1.00E-12,12.36189796,12.35886327,12.35886327,22.99326531,1027.271959,26.37634286,22.99326531,34.81514082,298.6855714,12.38564694,1501.242857,1.047437167,NA,NA,NA,2.7135,0.0148,0.08,0.064
96,9,14.99976,-99.00134,170,663,NA,,,,,12.469457,34.815543,0.3335,0.948063708,0,29.517582,3.248121,0.070282,7.680714,NA,32.835985,170,-0.130612245,0.045859184,98.85998571,4.054621653,0.006489796,0.04884,10.83672612,1.030102041,1.00E-12,12.65036735,12.6473102,12.6473102,22.64,1027.092988,26.33222653,22.64,34.83110408,268.731,12.67040612,1501.72,1.057463106,NA,NA,NA,2.705,0.0396,0.1643,0.2297
97,9,14.99976,-99.00134,150,853,NA,,,,,12.785638,34.831838,0.341623,0.935156679,0,29.087738,2.737534,0.070436,7.548923,NA,31.895708,150,-0.105306122,0.045259184,98.87436122,4.077145102,-0.172816327,0.049338367,10.78834469,0.99522449,1.00E-12,12.88771429,12.88466735,12.88466735,22.32,1026.959245,26.29120612,22.32,34.83896122,248.1252857,12.90519592,1502.176735,1.021096292,NA,NA,NA,2.676,0.0099,0.08,0.0211
98,9,14.99976,-99.00134,115,606,NA,,,,,13.405729,34.8349,0.881359,0.919748634,0,29.845344,1.067155,0.070565,7.488294,NA,30.983064,110,0.012040816,0.055930612,98.61203878,4.19464602,-0.074755102,0.193864898,10.54361694,0.964204082,1.00E-12,14.1297551,14.12634082,14.12634082,21.66959184,1026.519453,26.03166531,21.66959184,34.83333878,208.3350408,14.14234286,1505.572245,0.989286722,0.16,0.01,4.935896084,NA,NA,NA,NA
99,9,14.99976,-99.00134,60,138,NA,,,,,18.300236,34.613279,1.9884,11.77036189,2.504529,-0.331935,0.47299,0.073184,7.574214,NA,0.214239,60,-0.203061224,0.04875102,98.78830204,4.546649429,0.130408163,0.169081633,9.864746939,8.296326531,1.00E-12,18,17.95380408,17.95380408,26.16326531,1025.270669,25.00685102,26.16326531,34.63891224,158.8340204,17.96413673,1516.273061,8.504001269,NA,NA,NA,2.471,0.0057,0.08,0.0212
100,9,14.99976,-99.00134,15,15,NA,,,,,28.547745,33.743873,0.5322,207.5620422,216.993636,0.004045,0.04849,0.074032,8.148818,NA,0.126567,11,0.037755102,0.067969388,98.31469592,5.539572184,-0.08222449,0.06084898,8.371712857,192.4128776,0.377020408,28.7,28.68909388,28.68909388,25.08020408,1021.401084,21.35258571,25.08020408,33.91465714,110.022898,28.69184286,1541.882245,196.5258087,NA,NA,NA,0.223,0.0042,0.08,0.0034
101,9,14.99976,-99.00134,2960,NA,NA,,,,,1.867093878,34.66809592,NA,100.1234082,0,40.858,NA,NA,NA,NA,NA,3001,-0.063469388,0.017591837,99.5608551,3.166319347,0.119755102,0.048053061,13.61041551,100.1234082,1.00E-12,1.64,1.638285714,1.638285714,22.64,1041.591584,27.73361224,22.64,34.66809592,3099.96549,1.867093878,1507.846735,102.9026809,NA,NA,NA,3.0075,0.0247,0.08,0.0024
102,9,14.99976,-99.00134,2500,NA,NA,,,,,1.854067347,34.66602857,NA,99.05428571,0,41.001,NA,NA,NA,NA,NA,2494,0.196326531,0.021006122,99.47590204,3.145423776,-0.065102041,0.044816327,13.61475347,99.05428571,1.00E-12,1.67,1.674314286,1.674314286,20.20040816,1039.297018,27.72925918,20.20040816,34.66602857,2592.861347,1.854067347,1498.993469,101.8031089,NA,NA,NA,2.9865,0.0304,0.08,0.0041
103,9,14.99976,-99.00134,2200,NA,NA,,,,,2.125177551,34.6490898,NA,84.84404082,0,42.257,NA,NA,NA,NA,NA,2002,-0.076122449,0.019104082,99.5237,3.147912184,0.262163265,0.048302041,13.53084939,84.84404082,1.00E-12,1.989795918,1.9848,1.9848,17.83612245,1037.000314,27.69173469,17.83612245,34.6490898,2100.395918,2.125177551,1491.7,87.19549839,NA,NA,NA,3.0375,0.0389,0.08,0.0059
104,9,14.99976,-99.00134,1900,NA,NA,,,,,2.124028571,34.64920204,NA,84.5482449,0,NA,NA,NA,NA,NA,NA,2001,0.218163265,0.018997959,99.52635306,3.147788918,-0.107183673,0.048053061,13.53119755,84.5482449,1.00E-12,1.980408163,1.983740816,1.983740816,17.81938776,1036.996855,27.69191837,17.81938776,34.64920204,2099.585531,2.124028571,1491.680612,86.89153015,NA,NA,NA,NA,NA,NA,NA
105,9,14.99976,-99.00134,1600,NA,NA,,,,,2.9705,34.6100449,NA,49.76365306,0,45.396,NA,NA,NA,NA,NA,1500,-0.121428571,0.021912245,99.45308367,3.197853449,0.172938776,0.0488,13.27406347,49.76365306,1.00E-12,2.86,2.861740816,2.861740816,15.64897959,1034.555506,27.58636531,15.64897959,34.6100449,1598.138755,2.9705,1486.760204,51.13720958,NA,NA,NA,3.3275,0.0431,0.08,0.0352
106,9,14.99976,-99.00134,1300,NA,NA,,,,,3.500314286,34.58971429,NA,31.94936735,0,46.726,NA,NA,NA,NA,NA,1299,-0.259795918,0.023663265,99.41004898,3.234332102,0.182836735,0.0488,13.11739286,31.94936735,1.00E-12,3.4,3.40287551,3.40287551,14.76,1033.550835,27.5196449,14.76,34.58971429,1398.002449,3.500314286,1485.612245,32.8294808,NA,NA,NA,3.478,0.0396,0.08,0.0379
107,9,14.99976,-99.00134,1000,NA,NA,,,,,4.397291837,34.56295102,NA,11.1182449,0,47.711,NA,NA,NA,NA,NA,1000,0.098163265,0.023583673,99.4122,3.298698082,-0.030102041,0.048553061,12.85932286,11.1182449,1.00E-12,4.32,4.317777551,4.317777551,13.81877551,1032.034153,27.40492041,13.81877551,34.56295102,1098.415612,4.397291837,1484.313265,11.42319006,NA,NA,NA,3.622,0.0467,0.08,0.0096
108,9,14.99976,-99.00134,750,NA,NA,,,,,5.664461224,34.55672245,NA,1.221469388,0,45.443,0,NA,NA,NA,NA,750,0.004285714,0.025767347,99.35804898,3.400731429,-0.251836735,0.049587551,12.50807347,1.221469388,1.00E-12,5.600265306,5.59892449,5.59892449,25.76959184,1030.708386,27.25247551,25.76959184,34.55672245,848.6127551,5.664461224,1485.277143,1.254700665,NA,NA,NA,3.528,0,0.08,0.0396
109,9,14.99976,-99.00134,500,NA,NA,,,,,8.725916327,34.62143061,NA,1.491183673,0,30.018,NA,NA,NA,NA,NA,451,0.005714286,0.03755102,99.06601224,3.67336702,-0.08822449,0.0488,11.72468122,1.491183673,1.00E-12,8.68,8.677020408,8.677020408,12.44489796,1028.922145,26.87285918,12.44489796,34.62143061,549.3692653,8.725916327,1492.187959,1.53150772,NA,NA,NA,3.2495,0.0771,0.08,0.0388
110,9,14.99976,-99.00134,135,NA,NA,,,,,12.944619,34.839644,0.377225,0.923857446,0,28.104943,2.640663,0.070006,7.498062,NA,30.815612,130,0.086938776,0.048520408,98.79466939,4.115700102,-0.049816327,0.074505918,10.70635592,1.009734694,1.00E-12,13.29736735,13.29417347,13.29417347,22.08387755,1026.788351,26.20941633,22.08387755,34.83993878,228.3947755,13.31234898,1503.167347,1.0361352,NA,NA,NA,2.68,0.0071,0.0917,0.2371
NA,10,15.47015,-101.50254,2860,63,NA,,,,,4.438302041,34.55655918,NA,9.674183673,0,48.808,0.04,NA,NA,NA,NA,1000,0.196122449,0.0303,99.24598776,3.301821347,-0.077061224,0.055577551,12.84823327,9.674183673,1.00E-12,4.35877551,4.358438776,4.358438776,27.89653061,1032.026129,27.3954449,27.89653061,34.55655918,1098.942143,4.438302041,1484.469184,9.939624557,NA,NA,NA,3.476,0.0608,0.0838,0.3324
NA,10,15.47015,-101.50254,2500,392,NA,,,,,4.438302041,34.55655918,NA,9.674183673,0,48.808,0.04,NA,NA,NA,NA,1000,0.196122449,0.0303,99.24598776,3.301821347,-0.077061224,0.055577551,12.84823327,9.674183673,1.00E-12,4.35877551,4.358438776,4.358438776,27.89653061,1032.026129,27.3954449,27.89653061,34.55655918,1098.942143,4.438302041,1484.469184,9.939624557,NA,NA,NA,3.476,0.0608,0.0838,0.3324
NA,10,15.47015,-101.50254,2200,173,NA,,,,,4.438302041,34.55655918,NA,9.674183673,0,48.808,0.04,NA,NA,NA,NA,1000,0.196122449,0.0303,99.24598776,3.301821347,-0.077061224,0.055577551,12.84823327,9.674183673,1.00E-12,4.35877551,4.358438776,4.358438776,27.89653061,1032.026129,27.3954449,27.89653061,34.55655918,1098.942143,4.438302041,1484.469184,9.939624557,NA,NA,NA,3.476,0.0608,0.0838,0.3324
NA,10,15.47015,-101.50254,1900,157,NA,,,,,4.438302041,34.55655918,NA,9.674183673,0,48.808,0.04,NA,NA,NA,NA,1000,0.196122449,0.0303,99.24598776,3.301821347,-0.077061224,0.055577551,12.84823327,9.674183673,1.00E-12,4.35877551,4.358438776,4.358438776,27.89653061,1032.026129,27.3954449,27.89653061,34.55655918,1098.942143,4.438302041,1484.469184,9.939624557,NA,NA,NA,3.476,0.0608,0.0838,0.3324
NA,10,15.47015,-101.50254,1600,135,NA,,,,,4.438302041,34.55655918,NA,9.674183673,0,48.808,0.04,NA,NA,NA,NA,1000,0.196122449,0.0303,99.24598776,3.301821347,-0.077061224,0.055577551,12.84823327,9.674183673,1.00E-12,4.35877551,4.358438776,4.358438776,27.89653061,1032.026129,27.3954449,27.89653061,34.55655918,1098.942143,4.438302041,1484.469184,9.939624557,NA,NA,NA,3.476,0.0608,0.0838,0.3324
NA,10,15.47015,-101.50254,1300,94,NA,,,,,4.438302041,34.55655918,NA,9.674183673,0,48.808,0.04,NA,NA,NA,NA,1000,0.196122449,0.0303,99.24598776,3.301821347,-0.077061224,0.055577551,12.84823327,9.674183673,1.00E-12,4.35877551,4.358438776,4.358438776,27.89653061,1032.026129,27.3954449,27.89653061,34.55655918,1098.942143,4.438302041,1484.469184,9.939624557,NA,NA,NA,3.476,0.0608,0.0838,0.3324
NA,10,15.47015,-101.50254,1000,117,NA,,,,,4.438302041,34.55655918,NA,9.674183673,0,48.808,0.04,NA,NA,NA,NA,1000,0.196122449,0.0303,99.24598776,3.301821347,-0.077061224,0.055577551,12.84823327,9.674183673,1.00E-12,4.35877551,4.358438776,4.358438776,27.89653061,1032.026129,27.3954449,27.89653061,34.55655918,1098.942143,4.438302041,1484.469184,9.939624557,NA,NA,NA,3.476,0.0608,0.0838,0.3324
NA,10,15.47015,-101.50254,750,139,NA,,,,,5.672053061,34.54596735,NA,1.311061224,5.61,45.408,0,NA,NA,NA,NA,750,0.060408163,0.025604082,99.36229388,3.400477898,-0.220571429,0.049804082,12.50697857,1.311061224,5.61,1.00E-12,5.61,5.606457143,5.606457143,25.28,1030.700286,27.23497551,34.54596735,829.7500204,5.672053061,1485.3,1.346848157,NA,NA,NA,3.384,0.0622,0.08,0.2535
NA,10,15.47015,-101.50254,400,404,NA,,,,,9.578022449,34.65180816,NA,1.141061224,0,28.053,0.71,NA,NA,NA,NA,400,-0.032040816,0.033328571,99.17058571,3.753376776,-0.032571429,0.04905102,11.52227939,1.141061224,1.00E-12,9.533469388,9.53225102,9.53225102,24.42897959,1028.569663,26.75872449,24.42897959,34.65180816,498.4572245,9.578022449,1494.509796,1.171849953,NA,NA,NA,3.005,0.0382,0.08,0.257
NA,10,15.47015,-101.50254,300,396,NA,,,,,11.084871,34.733343,0.360279,1.00129962,0,25.526485,2.060003,0.008474,7.365429,NA,27.594962,301,-0.054489796,0.037779592,99.0596449,3.908377837,0.273755102,0.049302041,11.15746571,1.030285714,1.00E-12,11.10612245,11.14209388,11.14209388,23.84081633,1027.897784,26.5454449,23.84081633,34.7377,399.272,11.17987755,1498.676122,1.057645396,NA,NA,NA,2.737,0.0042,0.4412,0.0015
NA,10,15.47015,-101.50254,200,746,NA,,,,,12.624119,34.816094,0.363437,0.932164392,0,23.312288,4.075463,0.008542,7.466,NA,27.396293,199,0.02,0.04485102,98.88497347,4.040917245,-0.277020408,0.0488,10.86629286,1.020530612,1.00E-12,12.5,12.50516327,12.50516327,22.7622449,1027.237573,26.34767347,22.7622449,34.81499796,297.5382245,12.53199796,1501.707143,1.047346022,NA,NA,NA,2.6275,0.0092,0.1945,0.4674
NA,10,15.47015,-101.50254,170,423,NA,,,,,13.219192,34.822092,0.531785,0.916979652,0,23.41425,3.152407,0.008531,7.667538,NA,26.575188,170,0.045714286,0.047289796,98.82491429,4.089019653,-0.048510204,0.049302041,10.76438878,0.996591837,1.00E-12,13,13.00248367,13.00248367,22.39510204,1027.020724,26.26255714,22.39510204,34.83241429,268.4236735,13.02596531,1502.864898,1.02291919,NA,NA,NA,2.6205,0.012,0.08,0.0022
NA,10,15.47015,-101.50254,150,608,NA,,,,,13.754559,34.822853,0.880747,0.900097794,0,23.8446,1.590705,0.008292,7.752118,NA,25.443597,140,-0.137346939,0.054846939,98.63803878,4.166592633,0.093979592,0.11,10.60004551,0.976,1.00E-12,13.8,13.8385449,13.8385449,22.03673469,1026.703335,26.07877143,22.03673469,34.8160898,238.9662857,13.85874898,1505.132245,1.001408994,NA,NA,NA,2.612,0.0141,0.08,0.001
NA,10,15.47015,-101.50254,115,390,NA,,,,,15.563468,34.732395,2.513989,1.126037793,0,24.03364,0.152927,0.00947,7.552474,2174.83144,24.196037,118,-0.18,0.072777551,98.19733061,4.264370184,-0.082816327,0.237081633,10.39870735,0.965836735,1.00E-12,14.9,14.90659592,14.90659592,21.67183673,1026.337073,25.81484898,21.67183673,34.76974082,216.4649796,14.92442449,1508.133265,0.990927331,0.22,0.03,14.62260516,2.5665,0.0148,0.0862,0.3453
NA,10,15.47015,-101.50254,60,120,NA,,,,,26.354123,34.049485,5.585746,192.7640218,38.112538,0.142444,0.001221,0.010673,8.006923,NA,0.154338,58,0.091428571,0.141834694,96.51629388,5.302650224,-0.008102041,0.359816327,8.677274898,174.5971224,26.2,48.51632653,26.2,26.19172857,26.19172857,21.55102041,1022.494873,22.24303878,34.03675714,156.728,26.20480816,1537.216327,178.4855902,0.65,0.09,13.82620198,0.4555,0.0134,0.08,0.0191
NA,10,15.47015,-101.50254,15,0,NA,,,,,29.090873,33.629107,0.429707,203.5915453,349.658667,0.08951,0.1,0.009383,8.115333,NA,0.098893,10,-0.063265306,0.06087551,98.48883673,5.551849306,0.053571429,0.056079592,8.319813673,190.0547347,0.041844898,29.3,29.25260204,29.25260204,20.55,1020.972967,20.92992245,20.55,33.60115918,108.7420816,29.25508163,1542.753673,194.0367327,0.11,0,3.015902121,0.194,0.024,0.08,0.0092
120,11,15.90237,-103.79895,1500,NA,1.79370319,0.524060309,1.028314447,9.828579012,2.337822688,4.386728571,34.55433265,NA,10.84640816,4.31,48.723,0.05,NA,NA,NA,NA,1000,-0.015714286,0.028544898,99.28843878,3.297034939,-0.290897959,0.054071429,12.86313531,10.84640816,4.31,1.00E-12,4.31,4.307267347,4.307267347,24.97,1032.030663,27.39062245,34.55433265,1098.798102,4.386728571,1484.249592,11.1437398,NA,NA,NA,3.4665,0.0219,0.08,0.0243
121,11,15.90237,-103.79895,1000,NA,1.434681377,0.610132529,1.072886423,8.99108465,1.860151609,4.386728571,34.55433265,NA,10.84640816,4.31,48.723,0.05,NA,NA,NA,NA,1000,-0.015714286,0.028544898,99.28843878,3.297034939,-0.290897959,0.054071429,12.86313531,10.84640816,4.31,1.00E-12,4.31,4.307267347,4.307267347,24.97,1032.030663,27.39062245,34.55433265,1098.798102,4.386728571,1484.249592,11.1437398,NA,NA,NA,3.4665,0.0219,0.08,0.0243
122,11,15.90237,-103.79895,750,NA,1.39575781,1.727591316,1.059584158,8.299089343,1.653334038,5.426446939,34.54200408,NA,1.621489796,5.36,46.815,0.05,NA,NA,NA,NA,800,0.098571429,0.026646939,99.33576327,3.380189143,-0.056428571,0.050808163,12.57406776,1.621489796,5.36,1.00E-12,5.36,5.35777551,5.35777551,24.05693878,1030.957308,27.26179796,34.54200408,898.0771837,5.426446939,1485.126531,1.665581865,NA,NA,NA,3.44,0.0594,0.08,0.0967
123,11,15.90237,-103.79895,500,NA,1.943591174,3.527586604,0.91520305,6.639493284,1.259273336,7.818644898,34.57316939,NA,1.243408163,7.770816327,34.567,0.3,NA,NA,NA,NA,500,0.111632653,0.031653061,99.21256122,3.587218224,-0.185102041,0.049302041,11.94921755,1.243408163,7.770816327,1.00E-12,7.770816327,7.767740816,7.767740816,22.48979592,1029.253622,26.96552857,34.57316939,598.1133469,7.818644898,1489.537143,1.276757731,NA,NA,NA,3.173,0.0071,0.08,0.0065
124,11,15.90237,-103.79895,360,NA,1.586924462,3.974863914,0.763410628,5.654002271,0.997690268,9.456902041,34.63947143,NA,1.089612245,9.416530612,27.976,0.61,NA,NA,NA,NA,400,0.204693878,0.03567551,99.11270612,3.740865388,-0.110428571,0.04905102,11.55127939,1.089612245,9.416530612,1.00E-12,9.416530612,9.411465306,9.411465306,21.95959184,1028.581294,26.76153878,34.63947143,498.4984082,9.456902041,1494.061633,1.118803622,NA,NA,NA,3.047,0.0523,0.08,0.0067
125,11,15.90237,-103.79895,164,NA,NA,,,,,12.858965,34.815388,0.366535,0.949850148,0,23.34263,3.028399,0.00711,7.908588,NA,26.378139,170,-0.048979592,0.050742857,98.73947143,4.081317388,0.014612245,0.051563265,10.77827347,0.959693878,12.94285714,1.00E-12,12.94285714,12.93937755,12.93937755,20.37632653,1027.023324,26.25848776,34.81691837,268.8075102,12.96283061,1502.683061,0.985185202,NA,NA,NA,2.646,0.0184,0.08,0.0478
126,11,15.90237,-103.79895,120,NA,NA,,,,,14.983422,34.768422,3.609239,0.9557454,0,24.923094,0.212994,0.007762,7.917333,NA,25.14385,123,-0.010204082,0.068212245,98.30885918,4.219171939,0.05244898,0.306714286,10.49140653,0.965816327,14.4,1.00E-12,14.4,14.40746122,14.40746122,19.79081633,1026.491802,25.94187347,34.79951224,221.5963265,14.42564286,1506.660816,0.990836186,0.18,0.03,14.65349391,2.613,0.0099,0.08,0.0114
127,11,15.90237,-103.79895,65,NA,NA,,,,,25.323486,34.288807,2.474414,206.4004989,14.337071,0.011316,0.075474,0.00624,7.908357,NA,0.09303,69,-0.10244898,0.087459184,97.83733673,5.056868571,-0.091469388,0.336571429,9.045247959,121.5477755,23.34897959,1.00E-12,23.34897959,23.34679388,23.34679388,18.94489796,1023.65188,23.34930612,34.36703469,155.9906735,23.36117143,1530.84551,124.3892703,0.44,0.02,4.0831616,1.048,0.0325,0.08,0.0308
128,11,15.90237,-103.79895,20,NA,NA,,,,,29.125333,33.588675,0.382033,204.9599137,93.660833,0.040155,0.037728,0.008152,7.907917,NA,0.086035,11,0.030612245,0.05677551,98.59130612,5.538499857,0.174204082,0.049306122,8.335196939,187.6408163,29.1,0.036330612,29.1,29.12429592,29.12429592,18.67,1021.017196,20.97095918,33.59987347,109.2970816,29.12690408,1542.49,191.5801042,0.11,0,3.892330906,NA,NA,NA,NA
129,12,16.31658,-106.09161,716,348,1.025783706,2.885989812,0.989116227,6.935086953,1.427959596,6.357142857,34.54194694,NA,1.286816327,6.29,42.177,0,NA,NA,NA,NA,700,0.018163265,0.028702041,99.28472449,3.459795857,-0.120571429,0.050306122,12.32471959,1.286816327,6.29,1.00E-12,6.29,6.2926,6.2926,24.14918367,1030.366969,27.1445898,34.54194694,798.3356735,6.357142857,1487.17449,1.321874455,NA,NA,NA,3.496,0.017,0.08,0.0785
130,12,16.31658,-106.09161,500,227,1.069080838,3.402151338,0.879321716,5.838260694,1.211573387,8.091889796,34.56836122,NA,1.172938776,8.04,34.298,0.14,NA,NA,NA,NA,500,0.075714286,0.031677551,99.21203061,3.611914857,-0.194163265,0.04905102,11.88233878,1.172938776,8.04,1.00E-12,8.04,8.039920408,8.039920408,22.96183673,1029.207053,26.92106531,34.56836122,587.6590408,8.091889796,1490.568776,1.204844406,NA,NA,NA,3.2705,0.0262,0.08,0.0471
131,12,16.31658,-106.09161,300,502,0.924347789,3.305417692,0.721283497,4.795044853,0.997105898,10.882362,34.702692,0.318877,1.019699952,0,25.424797,1.525481,0.000622,NA,NA,26.9509,300,0.149795918,0.039426531,99.01927959,3.849573184,-0.288367347,0.0488,11.28586041,1.055306122,10.6,1.00E-12,10.6,10.57457551,10.57457551,21.86714286,1027.9599,26.60271633,34.68874286,382.0026531,10.61093265,1496.6,1.083986271,NA,NA,NA,2.7865,0.0163,0.2855,0.0269
132,12,16.31658,-106.09161,260,487,0.743832105,3.111254068,0.708924555,4.678374471,1.006052674,11.440713,34.733887,0.309333,0.992948013,0,25.382682,1.744327,0.000648,NA,NA,27.127657,234,-0.127755102,0.0474,98.8212,3.958691735,0.000795918,0.0488,11.03955388,1.016428571,11.7,1.00E-12,11.7,11.69467959,11.69467959,24.20816327,1027.5026,26.4486,34.75198776,332.134102,11.72485918,1499.466735,1.043517937,NA,NA,NA,NA,NA,NA,NA
133,12,16.31658,-106.09161,220,453,0.562719501,2.676838217,0.695705754,4.449603092,0.878654054,12.025538,34.763362,0.322177,0.962801838,0,24.010814,2.429684,0.001193,NA,NA,26.441691,233,0.040204082,0.046889796,98.83446531,3.959559796,0.451591837,0.0488,11.03768265,1.033877551,11.7,1.00E-12,11.7,11.70329592,11.70329592,24.22918367,1027.498773,26.4476,34.75277959,313.5988367,11.73340612,1499.486939,1.061017757,NA,NA,NA,2.8805,0.0035,0.08,0.0031
134,12,16.31658,-106.09161,185,512,0.476771221,2.788547082,0.670088944,4.204673627,0.888750058,12.930823,34.784592,0.569031,0.924170073,0,24.066622,3.02661,0.001244,NA,NA,27.094476,180,-0.056938776,0.051802041,98.71232449,4.060897245,0.005306122,0.061097959,10.81806837,1.001510204,12.8,1.00E-12,12.8,12.75239184,12.75239184,20.95795918,1027.083261,26.27368776,34.78870408,278.6402653,12.77695714,1502.193878,1.028023304,NA,NA,NA,2.8075,0.0049,0.08,0.0669
135,12,16.31658,-106.09161,155,383,0.328529203,2.017558956,0.687655117,4.0845151,0.989318315,14.09748,34.751593,1.26558,0.902018217,0,26.649316,0.163844,0.001309,NA,NA,26.814469,151,0.027346939,0.04905102,98.78087347,4.170681857,0.273040816,0.121040816,10.5852949,1.400142857,13.9,1.00E-12,13.9,13.93107143,13.93107143,24.16897959,1026.690031,26.01515102,34.76471224,224.8107347,13.95286327,1505.554694,1.436990461,0.11,0,0.670243394,2.8235,0.012,0.08,0.0298
136,12,16.31658,-106.09161,85,67,0,0.698010429,0.049971523,2.293122517,0.710117532,24.309347,34.245147,4.246127,182.461131,5.283753,-0.020993,0.095277,0.005413,NA,NA,0.079697,85,-0.154897959,0.097610204,97.58937959,5.161844224,0.114897959,0.292,8.887030816,181.576102,24.50816327,9.43E-06,24.50816327,24.53116735,24.53116735,24.2,1023.273076,22.90175306,34.23873469,184.0418571,24.54951224,1533.935102,185.7398126,NA,NA,NA,0.4075,0.0375,0.08,0.0429
137,12,16.31658,-106.09161,20,30,0,0.925299403,0.036339355,2.090284354,0.634410741,28.028131,33.488954,0.604715,205.7300033,109.323077,0.005577,0.053254,0.002799,NA,NA,0.06163,11,-0.008163265,0.064546939,98.39963673,5.40582398,-0.002673469,0.0488,8.477948367,189.7525918,28,119.6938776,28,28.0034551,28.0034551,23.00244898,1021.292939,21.24755306,33.4765449,109.0672449,28.00594898,1539.91,193.7890008,0.11,0.04,31.9969721,0.139,0.0099,0.08,0.0633
138,12,16.31658,-106.09161,2752,0,1.867595221,1.285294077,0.916328275,9.526442686,3.857380727,1.785767347,34.66704286,NA,105.4316531,1.6,41.44,0,NA,NA,NA,NA,2600,0.138367347,0.016032653,99.6001449,3.143711653,0.202816327,0.040334694,13.63639122,105.4316531,1.6,1.00E-12,1.6,1.597465306,1.597465306,20.23183673,1039.787245,27.72162449,34.66704286,2698.301633,1.785767347,1500.521224,108.3584322,NA,NA,NA,2.908,0.0042,0.08,0.0395
139,12,16.31658,-106.09161,2600,0,1.687138889,1.393463989,0.910817042,9.50729896,3.80007614,1.785767347,34.66704286,NA,105.4316531,1.6,41.44,0,NA,NA,NA,NA,2600,0.138367347,0.016032653,99.6001449,3.143711653,0.202816327,0.040334694,13.63639122,105.4316531,1.6,1.00E-12,1.6,1.597465306,1.597465306,20.23183673,1039.787245,27.72162449,34.66704286,2698.301633,1.785767347,1500.521224,108.3584322,NA,NA,NA,2.908,0.0042,0.08,0.0395
140,12,16.31658,-106.09161,2300,0,1.316667595,0.541926491,0.92487763,9.518796661,3.304253025,1.948422449,34.65669796,NA,95.52304082,1.78755102,42.313,0,NA,NA,NA,NA,2300,-0.327142857,0.014091837,99.64898776,3.145185143,0.06544898,0.046559184,13.58578918,95.52304082,1.78755102,1.00E-12,1.78755102,1.784602041,1.784602041,18.88244898,1038.394504,27.70070816,34.65669796,2398.942041,1.948422449,1496.057755,98.17226074,NA,NA,NA,2.509,0.6604,0.1322,0.3848
141,12,16.31658,-106.09161,2000,0,1.716191136,0.470811671,0.974330928,9.643661165,2.93559174,2.228740816,34.64150816,NA,80.82955102,2.09,42.875,0,NA,NA,NA,NA,2000,-0.07122449,0.025079592,99.37502857,3.156256163,0.019857143,0.044567347,13.49916408,80.82955102,2.09,1.00E-12,2.09,2.08692449,2.08692449,17.59020408,1036.973661,27.66601429,34.64150816,2098.757776,2.228740816,1492.117551,83.06854855,NA,NA,NA,2.9165,0.0177,0.08,0.0262
142,12,16.31658,-106.09161,1800,0,1.699612188,0.422284454,1.009320012,9.511540878,2.630102255,2.507189796,34.62760408,NA,67.80204082,2.38,44.553,0,NA,NA,NA,NA,1800,0.005102041,0.022357143,99.44244898,3.171222755,-0.083510204,0.047557143,13.41402673,67.80204082,2.38,1.00E-12,2.38,2.378683673,2.378683673,16.77,1036.009,27.63153061,34.62760408,1898.550755,2.507189796,1489.890204,69.67790472,NA,NA,NA,3.252,0.0792,0.08,0.0805
143,12,16.31658,-106.09161,1600,NA,1.462420783,0.151116142,1.026273844,9.335315471,2.438127489,3.027508163,34.60293673,NA,46.87587755,2.92,46.118,0,NA,NA,NA,NA,1500,0.107142857,0.027636735,99.3118449,3.202275918,0.049693878,0.04855102,13.25750714,46.87587755,2.92,1.00E-12,2.92,2.918108163,2.918108163,15.62571429,1034.543192,27.56560612,34.60293673,1598.191224,3.027508163,1487.000612,48.16944056,NA,NA,NA,3.381,0.0057,0.08,0.0248
144,12,16.31658,-106.09161,1400,NA,1.823734879,0.29772454,1.113830271,9.056032365,2.137250088,3.0272,34.60284694,NA,46.92489796,2.92,NA,NA,NA,NA,NA,NA,1499,-0.109183673,0.027940816,99.30386735,3.202224939,-0.238571429,0.04855102,13.25761082,46.92489796,2.92,1.00E-12,2.92,2.917842857,2.917842857,15.60163265,1034.541394,27.56556327,34.60284694,1597.804,3.0272,1486.993469,48.21975254,NA,NA,NA,NA,NA,NA,NA
145,12,16.31658,-106.09161,1200,NA,1.962301446,0.463063074,1.156958623,8.776885682,1.992972629,3.458369388,34.58449592,NA,32.93830612,3.36,NA,NA,NA,NA,NA,NA,1301,-0.195918367,0.031361224,99.21892857,3.23028402,0.313918367,0.048053061,13.13031184,32.93830612,3.36,1.00E-12,3.36,3.361212245,3.361212245,14.68040816,1033.561822,27.51009388,34.58449592,1400.023245,3.458369388,1485.463061,33.84556412,NA,NA,NA,3.448,0.0269,NA,NA
146,12,16.31658,-106.09161,164,NA,1.434773178,1.722982842,0.703329176,4.56702346,1.064433432,13.694214,34.773121,1.031307,0.922294311,0,25.659647,0.797967,0.000631,NA,NA,26.458245,160,-0.222040816,0.051006122,98.7325449,4.118552041,-0.060673469,0.090232653,10.69563837,0.96677551,13.4,1.00E-12,13.4,13.36233878,13.36233878,20.65306122,1026.868647,26.15061633,34.78787143,258.6281633,13.3848551,1503.877959,0.992112214,NA,NA,NA,2.7915,0.0233,0.08,0.0026
147,12,16.31658,-106.09161,95,NA,0.138782087,0.722732211,0.234687474,3.171318534,0.976222805,22.108331,34.367985,2.998423,117.894232,1.470646,2.022234,0.262617,0.01853,NA,NA,2.303381,95,-0.109795918,0.077269388,98.08633265,5.045203265,0.058571429,0.225979592,9.058407551,153.9992245,23.28163265,1.954285714,23.28163265,23.26345102,23.26345102,23.07367347,1023.757012,23.34427143,34.3305,193.3157347,23.2830102,1531.034694,157.5986431,0.45,0.04,8.099020401,NA,NA,NA,NA
148,13,16.77762,-108.39906,971,0,1.507178044,,1.113308927,8.15553749,2.164334036,4.397016327,34.54909796,NA,11.27069388,4.32,47.805,0.1,NA,NA,NA,NA,1000,-0.173469388,0.030579592,99.23803061,3.297509367,-0.154265306,0.049055102,12.86068673,11.27069388,4.32,1.00E-12,4.32,4.317465306,4.317465306,25.90959184,1032.026096,27.38534082,34.54909796,1098.954143,4.397016327,1484.289592,11.57968585,NA,NA,NA,3.4285,0.0799,0.08,0.1076
149,13,16.77762,-108.39906,500,0,1.990769012,,1.026847386,7.021088258,1.82906242,7.81974898,34.55354082,NA,1.196897959,7.77,36.569,0,NA,NA,NA,NA,501,-0.337346939,0.032377551,99.19398571,3.585548959,0.286897959,0.0488,11.95058796,1.196897959,7.77,1.00E-12,7.77,7.768716327,7.768716327,23.32469388,1029.244071,26.94993061,34.55354082,599.3954082,7.81974898,1489.539592,1.229362384,NA,NA,NA,3.1985,0.0615,0.08,0.1946
150,13,16.77762,-108.39906,300,148,2.4452536,,0.828998484,5.596424739,1.373568134,10.518468,34.677705,0.363353,1.007328855,0,26.361955,1.257632,-0.000339,7.615526,NA,27.619248,300,0.13244898,0.0422,98.9513,3.865360878,-0.172734694,0.04905102,11.2500751,1.109244898,10.7,1.00E-12,10.7,10.73371837,10.73371837,21.99897959,1027.93628,26.58001633,34.69599592,394.2994898,10.77043878,1497.170816,1.138946645,NA,NA,NA,2.7965,0.0092,0.08,0.0384
151,13,16.77762,-108.39906,250,118,0.93415382,,0.820619896,5.349742624,1.309030003,11.163618,34.715364,0.357818,0.995583012,0,25.281463,1.558771,-0.000263,7.634636,NA,26.839971,249,0.119387755,0.04685102,98.83552857,3.911795041,-0.398591837,0.049302041,11.14188388,1.289061224,11.2,1.00E-12,11.2,11.22644082,11.22644082,23.48,1027.638445,26.5112,34.72088776,347.9237347,11.2578102,1498.075306,1.323241629,NA,NA,NA,2.7345,0.0474,0.08,0.0158
152,13,16.77762,-108.39906,200,323,2.358873708,,0.784875099,5.074327977,1.320624837,11.83256,34.747752,0.372348,0.951368622,0,24.117088,1.945926,-3.60E-05,7.58116,NA,26.062978,200,-0.28244898,0.050391837,98.74796939,3.985832388,-0.059755102,0.048802041,10.97686163,1.015632653,12,1.00E-12,12,11.99452245,11.99452245,21.46959184,1027.298304,26.39528163,34.75557755,298.8525306,12.0207898,1499.932245,1.042424198,NA,NA,NA,0.207,0.0382,0.08,0.0184
153,13,16.77762,-108.39906,160,299,0.625013477,,0.743733727,4.734245466,1.313952414,13.205387,34.7421,0.721733,0.911263044,0,25.102692,0.275092,-0.000212,7.5994,NA,25.377572,160,0.379183673,0.048622449,98.79201633,4.073643163,-0.010408163,0.061846939,10.78417143,1.024489796,12.9,1.00E-12,12.9,12.93417755,12.93417755,21.00571429,1026.929896,26.21127347,34.75425306,258.482102,12.95617755,1502.41449,1.051629833,NA,NA,NA,0.4545,0.3062,0.08,0.0208
154,13,16.77762,-108.39906,119,135,0.466079013,,0.72465768,4.422304295,1.427320458,14.7561,34.657463,0.598675,6.323863617,0,21.712751,0.18457,0.000675,7.616062,NA,21.897996,120,0.200816327,0.0361,99.10209388,4.233940122,-0.337183673,0.066328571,10.44236,5.696163265,14.7,1.00E-12,14.7,14.71532041,14.71532041,20.3777551,1026.303939,25.76887755,34.66124082,218.3691429,14.73326939,1507.429184,5.842843684,NA,NA,NA,2.637,0.0608,0.08,NA
155,13,16.77762,-108.39906,80,132,0.205527466,,0.115687417,2.984422284,1.106973234,21.293186,34.364036,3.662036,139.6021577,4.818993,0.897815,0.201611,0.001284,8.047357,NA,1.10071,80,-0.227346939,0.075169388,98.13840816,4.814178755,0.051612245,0.242040816,9.402479184,113.7860204,20.93061224,1.00E-12,20.93061224,20.91287959,20.91287959,19.94040816,1024.401292,24.05091224,34.39248367,178.5137143,20.92816735,1524.680612,116.5257443,0.32,0.08,25.61040189,NA,NA,NA,NA
156,13,16.77762,-108.39906,20,66,0.64450238,,0.037364229,2.480404222,0.993311575,27.055287,33.91918,0.56212,210.8791486,103.9152,0.233499,0.10095,0.001212,8.3152,1931.797178,0.335661,25,0.01122449,0.066942857,98.33963469,5.318921429,-0.06277551,0.0488,8.659547143,196.3931429,26.3,54.83673469,26.3,26.32027347,26.32027347,22.53918367,1022.343651,22.2334102,34.07426939,124.0196939,26.32602041,1536.984694,200.7645933,NA,NA,NA,0.2535,0.0276,0.08,0.0226
157,13,16.77762,-108.39906,190,NA,NA,,,,,12.016136,34.748118,0.376318,0.959184297,0,23.095889,2.291229,0.00014,7.565273,NA,25.387258,200,-0.28244898,0.050391837,98.74796939,3.985832388,-0.059755102,0.048802041,10.97686163,1.015632653,12,1.00E-12,12,11.99452245,11.99452245,21.46959184,1027.298304,26.39528163,34.75557755,298.8525306,12.0207898,1499.932245,1.042424198,NA,NA,NA,0.207,0.0382,0.08,0.0184
158,13,16.77762,-108.39906,190,NA,1.502262879,3.477040708,0.72197431,5.011687818,1.018632027,12.016136,34.748118,0.376318,0.959184297,0,23.095889,2.291229,0.00014,7.565273,NA,25.387258,200,-0.28244898,0.050391837,98.74796939,3.985832388,-0.059755102,0.048802041,10.97686163,1.015632653,12,1.00E-12,12,11.99452245,11.99452245,21.46959184,1027.298304,26.39528163,34.75557755,298.8525306,12.0207898,1499.932245,1.042424198,NA,NA,NA,0.207,0.0382,0.08,0.0184
159,13,16.77762,-108.39906,170,NA,0.992842744,3.501976167,0.769344283,5.135671191,0.932872921,12.845333,34.752772,0.541517,0.925331259,0,24.677373,0.843143,-4.50E-05,7.591944,NA,25.520471,166,-0.472244898,0.046991837,98.83181224,4.095842531,-0.022040816,0.074046939,10.73694,1.12577551,13.2,1.00E-12,13.2,13.17057143,13.17057143,23.44857143,1026.899808,26.15661429,34.74538571,264.1166939,13.19363061,1503.287959,1.155352727,0.07,0.01,10.29504126,2.6395,0.0474,0.08,0.0114
160,14,17.20392,-110.711,200,NA,1.013038404,3.731284192,0.703970943,4.731914163,0.936129815,12.495456,34.777167,0.376917,0.936139221,0,25.739577,0.476403,0.000596,7.417444,NA,26.216576,200,0.205102041,0.050616327,98.74266327,3.989769429,-0.152244898,0.0488,10.97004898,1.040693878,12,1.00E-12,12,12.0226898,12.0226898,20.68,1027.302139,26.39925306,34.76763265,298.8465306,12.04899796,1500.042857,1.068127059,NA,NA,NA,2.757,0.041,0.08,0.0105
161,14,17.20392,-110.711,160,NA,1.005093669,3.815285845,0.704566135,4.743489556,0.96536242,13.546977,34.736292,0.398969,4.017480255,0,25.84978,0.142613,0.000686,7.426077,NA,25.993079,161,-0.240816327,0.034222449,99.14826327,4.076804184,0.084387755,0.048302041,10.78044898,1.496653061,12.95102041,1.00E-12,12.95102041,12.94552041,12.94552041,20.1644898,1026.94551,26.22395714,34.77358776,259.1419388,12.96763061,1502.486531,1.535882676,NA,NA,NA,2.7385,0.0078,0.08,0.0088
162,14,17.20392,-110.711,300,NA,1.202302384,2.994519423,0.699771673,4.953695559,0.95124649,10.779356,34.686438,0.345807,1.010499786,0,25.865735,1.379103,0.000155,7.384927,NA,27.244993,300,0.017346939,0.043269388,98.92423878,3.855782449,-0.259102041,0.0488,11.27037673,1.046326531,10.64285714,1.00E-12,10.64285714,10.64652653,10.64652653,21.14163265,1027.943584,26.58505918,34.6825102,398.4498571,10.68311837,1496.852653,1.074324912,NA,NA,NA,2.753,0.1556,0.08,0.1325
163,14,17.20392,-110.711,100,NA,NA,,,,,18.141845,34.318582,1.920309,93.77059289,1.686836,8.093328,0.511612,0.001881,7.699545,NA,8.606821,100,0.118979592,0.059432653,98.52491837,4.576727816,0.028122449,0.171489796,9.773124898,93.00316327,18.6,1.086326531,18.6,18.61583878,18.61583878,22.97122449,1025.033878,24.59127959,34.31639796,198.8865102,18.63349388,1518.528571,95.29262883,0.28,0.01,4.026230783,NA,NA,NA,NA
164,14,17.20392,-110.711,60,NA,NA,,,,,24.468822,34.185633,1.303922,214.575427,52.307556,0.177231,0.120904,0.000598,8.043889,NA,0.298733,60,-0.214693878,0.070361224,98.25677755,5.166820102,0.049755102,0.058840816,8.87483102,201.0657755,24.63265306,37.23469388,24.63265306,24.63938163,24.63938163,22.75959184,1023.107384,22.84577755,34.20548367,158.7765102,24.6523449,1533.724286,205.6647253,NA,NA,NA,0.2485,0.0092,0.08,0.0055
165,14,17.20392,-110.711,20,NA,NA,,,,,25.732035,34.043435,0.526288,213.600522,159.437059,0.102017,0.11847,0.000717,8.062882,NA,0.221204,21,0.032244898,0.064565306,98.39908163,5.255454776,0.27177551,0.03684898,8.736656531,196.7761224,25.75102041,176.5306122,25.75102041,25.74336939,25.74336939,22.66346939,1022.480669,22.39133673,34.0454102,116.7527143,25.74793469,1535.515714,201.1874145,NA,NA,NA,0.234,0.0141,0.08,0.0076
166,15,17.62505,-113.00043,977,140,1.597869872,0.349486471,1.093351901,8.470750083,1.93059076,4.434477551,34.53586735,NA,11.15797959,4.36,47.193,0,NA,NA,NA,NA,1000,0.206734694,0.029106122,99.27517347,3.299697592,-0.333755102,0.04905102,12.85123796,11.15797959,4.36,1.00E-12,4.36,4.354679592,4.354679592,24.02938776,1032.009824,27.37076939,34.53586735,1098.709918,4.434477551,1484.423878,11.4636584,NA,NA,NA,3.5355,0.0672,0.08,0.0267
167,15,17.62505,-113.00043,750,7,0.94978943,1.015055476,1.08674451,7.620570527,1.68919947,5.380071429,34.51546939,NA,3.675408163,5.310816327,44.418,0,NA,NA,NA,NA,799,-0.014081633,0.031116327,99.22529592,3.37368849,-0.159428571,0.0493,12.5891298,3.675408163,5.310816327,1.00E-12,5.310816327,5.311734694,5.311734694,23.33122449,1030.942453,27.24636122,34.51546939,897.9062653,5.380071429,1484.90449,3.775677398,NA,NA,NA,3.398,0.0806,0.08,0.0078
168,15,17.62505,-113.00043,500,25,1.217653197,1.117991326,1.037663882,6.454361566,1.44612106,7.910406122,34.55333673,NA,1.226163265,7.861836735,35.312,0.09,NA,NA,NA,NA,500,0.280816327,0.035114286,99.12597143,3.593829551,-0.082979592,0.0493,11.92820429,1.226163265,7.861836735,1.00E-12,7.861836735,7.859077551,7.859077551,21.83,1029.226563,26.93637959,34.55333673,598.7210816,7.910406122,1489.871429,1.259349055,NA,NA,NA,3.244,0.0806,0.08,0.0651
169,15,17.62505,-113.00043,300,122,0.609638156,1.190132696,0.859447556,5.045785168,0.952557097,10.802391,34.675426,0.338143,1.005497754,0,25.860546,1.340746,0.000982,7.35987,NA,27.202274,301,-0.057346939,0.042730612,98.93750408,3.85937549,0.169428571,0.0488,11.26071286,1.030428571,10.7,1.00E-12,10.7,10.69318367,10.69318367,20.73020408,1027.933396,26.56977959,34.67360204,399.6221429,10.73000612,1497.03,1.057918831,NA,NA,NA,2.9955,0.0233,0.08,0.0239
170,15,17.62505,-113.00043,200,409,0.683839934,1.320458003,0.821119856,4.713570854,0.944812925,12.498605,34.736216,0.358711,0.940292694,0,25.04777,0.14808,0.000715,7.392053,NA,25.196565,201,0.001428571,0.040977551,98.98048367,4.006775367,0.467857143,0.048053061,10.92928429,1.086265306,12.2,1.00E-12,12.2,12.22650408,12.22650408,20.28061224,1027.247249,26.34048367,34.74254898,292.1681837,12.25322653,1500.725714,1.114793247,NA,NA,NA,2.8475,0.0233,0.08,0.0069
171,15,17.62505,-113.00043,160,69,0.646978016,0.595276408,0.771784661,4.376368416,1.027532925,13.729727,34.622891,0.465127,7.37397771,0,25.910956,0.113419,0.00137,7.406909,NA,26.025745,170,0.081020408,0.037887755,99.05805306,4.069148286,-0.31155102,0.0488,10.78885286,1.215571429,12.9,0.006393673,12.9,12.92356327,12.92356327,22.32,1026.947308,26.18313469,34.71556327,268.6217755,12.94695102,1502.507143,1.247409073,NA,NA,NA,2.848,0.0311,0.08,0.0092
172,15,17.62505,-113.00043,80,0,0,0.657752864,0.064662363,2.430412937,0.67570443,24.424792,34.249483,2.181092,213.7273146,12.265,0.641935,0.084863,0.000935,8.008833,NA,0.727733,76,0.031632653,0.079532653,98.03165714,5.04568951,0.329897959,0.267122449,9.053752653,149.336898,23.3,1.00E-12,23.3,23.30911429,23.30911429,19.04897959,1023.646886,23.31487755,34.30769796,174.7774898,23.32486531,1530.803265,152.8227416,0.48,0.03,6.163229508,0.7815,0.0049,0.08,0.0268
173,15,17.62505,-113.00043,50,0,0,0.581931882,0.053835053,2.252723235,0.638180805,26.3143,34.002038,0.67795,216.2522689,62.061812,0.495742,0.081209,0.0018,8.0485,NA,0.578751,68,-0.033265306,0.070340816,98.25683061,5.159727816,0.053061224,0.141306122,8.887991224,197.8867959,24.5,4.71E-06,24.5,24.53074286,24.53074286,18.80877551,1023.194147,22.89754694,34.23153061,166.8225306,24.54539388,1533.626327,202.4230659,0.26,0,0.814326427,0.2775,0.0078,0.08,0.0039
174,15,17.62505,-113.00043,20,0,0.19458319,0.342957054,0.063728627,2.347577247,0.630373983,26.945271,33.727421,0.453643,208.7500248,197.142857,0.345823,0.081283,0.001612,8.066643,NA,0.428718,11,-0.071836735,0.058722449,98.54242857,5.335487469,0.027755102,0.050055102,8.595119388,191.9241633,27,0.030673469,27,26.96837347,26.96837347,18.52857143,1021.81268,21.76682857,33.7247449,109.1575714,26.9708102,1537.85,196.106451,0.07,0.01,7.831695683,NA,NA,NA,NA
175,16,19.50805,-111.89468,1494,122,1.718048703,0.344461616,1.031788689,9.653198175,2.092046411,3.440644898,34.57588571,NA,30.73116327,3.340408163,46.447,0,NA,NA,NA,NA,1300,0.052653061,0.025089796,99.37449796,3.227922204,-0.179367347,0.04905102,13.13640041,30.73116327,3.340408163,1.00E-12,3.340408163,3.343802041,3.343802041,10.85142857,1033.549427,27.50496735,34.57588571,1398.077776,3.440644898,1485.35,31.57742333,NA,NA,NA,3.3695,0.0827,0.08,0.0724
176,16,19.50805,-111.89468,1100,130,1.090698676,0.486121409,1.058830285,9.116655868,1.826292586,4.337102041,34.53369592,NA,12.46759184,4.26,NA,NA,NA,NA,NA,NA,1001,0.055714286,0.032722449,99.18496735,3.290882265,0.323571429,0.0488,12.87921367,12.46759184,4.26,1.00E-12,4.26,4.25802449,4.25802449,10.26040816,1032.023949,27.37958367,34.53369592,1099.235286,4.337102041,1484.028776,12.80941281,NA,NA,NA,NA,NA,NA,NA
177,16,19.50805,-111.89468,730,140,0.934671575,0.990161827,1.008961369,8.0668538,1.586971546,6.144995918,34.50884286,NA,1.759836735,6.081632653,42.766,0.05,NA,NA,NA,NA,700,-0.16122449,0.031720408,99.21096939,3.437653673,0.046061224,0.0488,12.38363204,1.759836735,6.081632653,1.00E-12,6.081632653,6.081540816,6.081540816,22.45081633,1030.37491,27.14600612,34.50884286,798.8704898,6.144995918,1486.305102,1.807494471,NA,NA,NA,3.447,0.0707,0.08,0.0331
178,16,19.50805,-111.89468,500,133,0.932564275,1.812604443,0.883587772,6.244858832,1.218023978,8.13294898,34.52442041,NA,1.686836735,8.081632653,35.337,0.03,NA,NA,NA,NA,500,-0.021836735,0.034844898,99.13233878,3.611602082,0.129244898,0.048804082,11.87594082,1.686836735,8.081632653,1.00E-12,8.081632653,8.080781633,8.080781633,21.50632653,1029.169292,26.88038571,34.52442041,598.8768163,8.13294898,1490.679796,1.732937945,NA,NA,NA,3.2005,0.0134,0.2432,0.2453
179,16,19.50805,-111.89468,300,571,1.022224735,3.459243504,0.745205625,5.112237909,0.926736755,10.802391,34.675426,0.338143,1.005497754,0,25.860546,1.340746,0.000982,7.35987,NA,27.202274,300,-0.09244898,0.046440816,98.84613878,3.907010327,0.122265306,0.04855102,11.15524347,1.082857143,11.2,1.00E-12,11.2,11.16450612,11.16450612,20.23612245,1027.865729,26.50754694,34.70313469,398.9910408,11.20230204,1498.71,1.111512031,NA,NA,NA,2.8915,0.0106,0.08,0.0981
180,16,19.50805,-111.89468,220,739,1.051550106,4.012090166,0.709879315,4.932775997,0.888101647,12.206614,34.74775,0.315714,0.946232607,0,24.560302,0.546224,0.000615,7.438071,2283.635367,25.107141,199,0.011632653,0.051667347,98.71550816,4.079288388,-0.141653061,0.0488,10.78222286,0.996408163,12.9,1.00E-12,12.9,12.92320408,12.92320408,19.70122449,1027.139714,26.24509796,34.79647551,295.0016939,12.95064898,1503.099388,1.022190031,NA,NA,NA,2.781,0.0368,0.08,0.0562
181,16,19.50805,-111.89468,150,89,0.695453923,1.177697067,0.666385569,4.380886083,1.024058339,14.428692,34.715042,0.372358,13.95843826,0,22.751415,0.128194,0.000763,7.483417,2226.108721,22.880372,150,0.083877551,0.036634694,99.08829796,4.191516857,-0.314306122,0.04855102,10.54038816,10.73295918,14.2,1.00E-12,14.2,14.16993265,14.16993265,19.34530612,1026.618606,25.9480551,34.74306735,248.4373061,14.19186327,1506.290408,11.01194428,NA,NA,NA,2.7725,0.0742,0.08,0.0029
182,16,19.50805,-111.89468,20,0,0.105475235,1.113297716,0.0456494,2.632305309,0.757384832,22.885554,34.506792,0.416923,224.4677491,417.181538,-0.013929,0.064442,0.001592,8.054769,NA,0.052105,10,-0.032040816,0.066691837,98.34600204,5.14823349,0.065795918,0.055328571,8.940413265,200.0538367,24,1.00E-12,24,24.03103878,24.03103878,18.18040816,1023.341357,23.29664694,34.55759796,108.8358571,24.03320204,1531.738367,204.7190058,0.1,0.03,29.55137336,NA,NA,NA,NA
183,16,19.50805,-111.89468,3005,0,0.327057352,0.10117283,0.957298703,9.088042918,4.047029816,1.688636735,34.6685551,NA,109.6946735,1.46,NA,NA,NA,NA,NA,NA,3004,-0.259591837,0.021438776,99.46474898,3.15099649,0.465102041,0.040832653,13.66724245,109.6946735,1.46,1.00E-12,1.46,1.463442857,1.463442857,18.33938776,1041.634592,27.73020612,34.6685551,3102.634347,1.688636735,1507.126939,112.7407701,NA,NA,NA,NA,NA,NA,NA
184,16,19.50805,-111.89468,2750,0,1.718213933,0.118890033,0.961428116,9.396930514,3.794178864,1.828963265,34.66097755,NA,100.4485102,1.65,41.803,0,NA,NA,NA,NA,2500,0.03244898,0.020534694,99.48757755,3.143084184,-0.114816327,0.044318367,13.62324347,100.4485102,1.65,1.00E-12,1.65,1.649069388,1.649069388,13.86081633,1039.325924,27.71344898,34.66097755,2598.712633,1.828963265,1498.99,103.2359067,NA,NA,NA,2.9,0.0113,0.08,0.0136
185,16,19.50805,-111.89468,2500,0,0.558160253,0.107785105,0.97337964,9.191282704,3.586700016,1.828963265,34.66097755,NA,100.4485102,1.65,41.803,0,NA,NA,NA,NA,2500,0.03244898,0.020534694,99.48757755,3.143084184,-0.114816327,0.044318367,13.62324347,100.4485102,1.65,1.00E-12,1.65,1.649069388,1.649069388,13.86081633,1039.325924,27.71344898,34.66097755,2598.712633,1.828963265,1498.99,103.2359067,NA,NA,NA,2.9,0.0113,0.08,0.0136
186,16,19.50805,-111.89468,2250,0,0.592418341,0.126662674,0.989061432,9.278304848,3.357155836,1.828963265,34.66097755,NA,100.4485102,1.65,41.803,0,NA,NA,NA,NA,2500,0.03244898,0.020534694,99.48757755,3.143084184,-0.114816327,0.044318367,13.62324347,100.4485102,1.65,1.00E-12,1.65,1.649069388,1.649069388,13.86081633,1039.325924,27.71344898,34.66097755,2598.712633,1.828963265,1498.99,103.2359067,NA,NA,NA,2.9,0.0113,0.08,0.0136
187,16,19.50805,-111.89468,2000,0,0.680093696,0.165518029,0.97207193,9.503972385,2.880050529,2.172067347,34.63825918,NA,80.91446939,2.03,43.306,0,NA,NA,NA,NA,2000,-0.11,0.020967347,99.47697143,3.151062143,0.090714286,0.043322449,13.51721714,80.91446939,2.03,1.00E-12,2.03,2.031110204,2.031110204,12.56428571,1036.979873,27.66805306,34.63825918,2098.676122,2.172067347,1491.87,83.15559193,NA,NA,NA,3.0645,0.0658,0.08,0.0743
188,16,19.50805,-111.89468,1750,0,0.727640649,0.235561093,1.000071028,9.483815959,2.626560919,2.587759184,34.61551429,NA,60.39046939,2.47,44.785,0.01,NA,NA,NA,NA,1701,-0.185714286,0.023828571,99.40582857,3.173206714,0.391081633,0.047555102,13.39036939,60.39046939,2.47,1.00E-12,2.47,2.466597959,2.466597959,11.71959184,1035.538092,27.61492857,34.61551429,1799.961918,2.587759184,1488.552449,62.06019644,NA,NA,NA,3.2185,0.0672,0.08,0.0018
189,16,19.50805,-111.89468,1250,450.1531456,1.147032316,2.020015269,0.765222791,4.880790699,0.998096039,3.440644898,34.57588571,NA,30.73116327,3.340408163,46.447,0,NA,NA,NA,NA,1300,0.052653061,0.025089796,99.37449796,3.227922204,-0.179367347,0.04905102,13.13640041,30.73116327,3.340408163,1.00E-12,3.340408163,3.343802041,3.343802041,10.85142857,1033.549427,27.50496735,34.57588571,1398.077776,3.440644898,1485.35,31.57742333,NA,NA,NA,3.3695,0.0827,0.08,0.0724
190,16,19.50805,-111.89468,294,583.9791094,0.581386342,1.883889245,0.75395348,4.765502288,1.009510787,10.854517,34.679374,0.334777,1.000763688,0,25.184202,1.265581,0.000843,7.361736,NA,26.450626,300,-0.09244898,0.046440816,98.84613878,3.907010327,0.122265306,0.04855102,11.15524347,1.082857143,11.2,1.00E-12,11.2,11.16450612,11.16450612,20.23612245,1027.865729,26.50754694,34.70313469,398.9910408,11.20230204,1498.71,1.111512031,NA,NA,NA,2.8915,0.0106,0.08,0.0981
191,16,19.50805,-111.89468,59,14.68544479,0.1183674,0.795867892,0.047806899,2.887827214,0.743323402,21.597608,34.446869,1.588123,223.5681426,80.950308,0.019145,0.078363,0.001213,8.013923,NA,0.098721,61,0.174693878,0.087604082,97.83416327,4.856575082,-0.117938776,0.233836735,9.341584082,202.3295102,21.3,1.00E-12,21.3,21.30251633,21.30251633,18.39897959,1024.240296,23.97185918,34.4266898,159.851,21.3143898,1525.445714,207.1850222,0.21,0.04,17.7630689,0.3645,0.0191,0.08,0.0858
